[gd_scene load_steps=20 format=3 uid="uid://c5f1gell1psoj"]

[ext_resource type="Texture2D" uid="uid://cwfi5dkytkvn8" path="res://Assets/Textures/space-ship-monitor-unity/space-ship-monitor-unity/space-ship-monitor_albedo.png" id="1_i08qn"]
[ext_resource type="Texture2D" uid="uid://b40s2a5m37oin" path="res://Assets/Textures/space-ship-monitor-unity/space-ship-monitor-unity/space-ship-monitor_ao.png" id="2_se11q"]
[ext_resource type="Texture2D" uid="uid://bdlnkbrao4vtr" path="res://Assets/Textures/space-ship-monitor-unity/space-ship-monitor-unity/space-ship-monitor_height.png" id="3_63qpm"]
[ext_resource type="Texture2D" uid="uid://wdns66se3jbo" path="res://Assets/Textures/space-ship-monitor-unity/space-ship-monitor-unity/space-ship-monitor_normal-ogl.png" id="4_ys6xb"]
[ext_resource type="PlaneMesh" uid="uid://dta3su2oxq31c" path="res://Mesh_Wall_N_S.tres" id="7_niw3k"]
[ext_resource type="PlaneMesh" uid="uid://dnaoa852o31rr" path="res://Mesh_Table.tres" id="8_e5mbu"]
[ext_resource type="Shape3D" uid="uid://cdplpjy2waiou" path="res://BoxShape3DWallN_S.tres" id="8_lyl06"]
[ext_resource type="Shape3D" uid="uid://c6kqlofjpekho" path="res://BoxShape3DWallE_W.tres" id="9_56sry"]
[ext_resource type="PlaneMesh" uid="uid://b6q5205eldw38" path="res://Mesh_Wall_E_W.tres" id="9_ip6vu"]
[ext_resource type="PackedScene" uid="uid://blj5mobln11uq" path="res://scene_hand_foam.tscn" id="10_mtq47"]
[ext_resource type="PackedScene" uid="uid://b2dveilc53bsd" path="res://scene_hand_dragon.tscn" id="11_cwv57"]

[sub_resource type="PhysicsMaterial" id="PhysicsMaterial_hgbit"]
rough = true
bounce = 0.7

[sub_resource type="SphereShape3D" id="SphereShape3D_qg1ng"]
margin = 0.0
radius = 0.03

[sub_resource type="StandardMaterial3D" id="StandardMaterial3D_sb8xb"]
albedo_texture = ExtResource("1_i08qn")
metallic_specular = 0.0
normal_enabled = true
normal_scale = -0.72
normal_texture = ExtResource("4_ys6xb")
ao_enabled = true
ao_texture = ExtResource("2_se11q")
heightmap_enabled = true
heightmap_scale = -16.0
heightmap_texture = ExtResource("3_63qpm")
uv1_scale = Vector3(8, 8, 8)
texture_filter = 0

[sub_resource type="SphereMesh" id="SphereMesh_oy78s"]
material = SubResource("StandardMaterial3D_sb8xb")
radius = 0.03
height = 0.06

[sub_resource type="PhysicsMaterial" id="PhysicsMaterial_ekied"]

[sub_resource type="BoxShape3D" id="BoxShape3D_77ki7"]
size = Vector3(2.4, 1, 1.8)

[sub_resource type="BoxShape3D" id="BoxShape3D_pn07i"]
size = Vector3(0.1, 1, 1.8)

[sub_resource type="BoxShape3D" id="BoxShape3D_orm3a"]
size = Vector3(0.1, 1, 1.8)

[node name="Node3D" type="Node3D"]

[node name="Camera3D" type="Camera3D" parent="."]
transform = Transform3D(1, 0, 0, 0, 0.62932, 0.777146, 0, -0.777146, 0.62932, 0, 3, 2.2)
current = true
fov = 25.9

[node name="RigidBody3DBall" type="RigidBody3D" parent="."]
transform = Transform3D(1, 0, 0, 0, 1, 0, 0, 0, 1, 1.00908, 1, 0)
physics_material_override = SubResource("PhysicsMaterial_hgbit")

[node name="CollisionShape3DBall" type="CollisionShape3D" parent="RigidBody3DBall"]
shape = SubResource("SphereShape3D_qg1ng")

[node name="MeshInstance3DBall" type="MeshInstance3D" parent="RigidBody3DBall"]
mesh = SubResource("SphereMesh_oy78s")
skeleton = NodePath("../..")

[node name="StaticBody3DTable" type="StaticBody3D" parent="."]
physics_material_override = SubResource("PhysicsMaterial_ekied")

[node name="CollisionShape3DTable" type="CollisionShape3D" parent="StaticBody3DTable"]
transform = Transform3D(1, 0, 0, 0, 1, 0, 0, 0, 1, 0, -0.5, 0)
shape = SubResource("BoxShape3D_77ki7")

[node name="MeshInstance3DTable" type="MeshInstance3D" parent="StaticBody3DTable"]
transform = Transform3D(1, 0, 0, 0, 1, 0, 0, 0, 1, 0, 0.02, 0)
mesh = ExtResource("8_e5mbu")
skeleton = NodePath("../..")

[node name="StaticBody3DWallN" type="StaticBody3D" parent="."]
transform = Transform3D(1, 0, 0, 0, -4.37114e-08, -1, 0, 1, -4.37114e-08, 0, 0, -0.9)
physics_material_override = SubResource("PhysicsMaterial_ekied")

[node name="CollisionShape3DWallN" type="CollisionShape3D" parent="StaticBody3DWallN"]
transform = Transform3D(1, 0, 0, 0, 1, 0, 0, 0, 1, 0, -0.5, -0.25)
visible = false
shape = ExtResource("8_lyl06")

[node name="MeshInstance3DWallN" type="MeshInstance3D" parent="StaticBody3DWallN"]
transform = Transform3D(1, 0, 0, 0, 1, 0, 0, 0, 1, 0, 0, -0.25)
mesh = ExtResource("7_niw3k")
skeleton = NodePath("../..")

[node name="StaticBody3DWallS" type="StaticBody3D" parent="."]
transform = Transform3D(1, 0, 0, 0, -4.37114e-08, -1, 0, 1, -4.37114e-08, 0, 0, 0.9)
physics_material_override = SubResource("PhysicsMaterial_ekied")

[node name="CollisionShape3DWallS" type="CollisionShape3D" parent="StaticBody3DWallS"]
transform = Transform3D(1, 0, 0, 0, 1, 0, 0, 0, 1, 0, 0.5, -0.25)
visible = false
shape = ExtResource("8_lyl06")

[node name="MeshInstance3DWallS" type="MeshInstance3D" parent="StaticBody3DWallS"]
transform = Transform3D(1, 0, 0, 0, 1, 0, 0, 0, 1, 0, 0, -0.25)
mesh = ExtResource("7_niw3k")
skeleton = NodePath("../..")

[node name="StaticBody3DWallE" type="StaticBody3D" parent="."]
transform = Transform3D(-4.37114e-08, -1, 0, 1, -4.37114e-08, 0, 0, 0, 1, 1.2, 0, 0)
physics_material_override = SubResource("PhysicsMaterial_ekied")

[node name="CollisionShape3DWallE" type="CollisionShape3D" parent="StaticBody3DWallE"]
transform = Transform3D(1, 0, 0, 0, 1, 0, 0, 0, 1, 0, -0.5, 0)
visible = false
shape = ExtResource("9_56sry")

[node name="MeshInstance3DWallE" type="MeshInstance3D" parent="StaticBody3DWallE"]
transform = Transform3D(1, 0, 0, 0, 1, 0, 0, 0, 1, 0.25, 0, 0)
mesh = ExtResource("9_ip6vu")
skeleton = NodePath("../..")

[node name="StaticBody3DWallW" type="StaticBody3D" parent="."]
transform = Transform3D(-4.37114e-08, 1, 0, -1, -4.37114e-08, 0, 0, 0, 1, -1.2, 0, 0)
physics_material_override = SubResource("PhysicsMaterial_ekied")

[node name="CollisionShape3DWallW" type="CollisionShape3D" parent="StaticBody3DWallW"]
transform = Transform3D(1, 0, 0, 0, 1, 0, 0, 0, 1, 0, -0.5, 0)
shape = ExtResource("9_56sry")

[node name="MeshInstance3DWallW" type="MeshInstance3D" parent="StaticBody3DWallW"]
transform = Transform3D(1, 0, 0, 0, 1, 0, 0, 0, 1, -0.25, 0, 0)
mesh = ExtResource("9_ip6vu")
skeleton = NodePath("../..")

[node name="Node3D_Lights" type="Node3D" parent="."]
transform = Transform3D(1, 0, 0, 0, 1, 0, 0, 0, 1, 0, -1.01808, 0)

[node name="SpotLight3D" type="SpotLight3D" parent="Node3D_Lights"]
transform = Transform3D(1, 0, 0, 0, -0.770491, 0.637451, 0, -0.637451, -0.770491, -1.2, 1.5, -0.9)
visible = false
light_energy = 1.083
shadow_enabled = true

[node name="SpotLight3D2" type="SpotLight3D" parent="Node3D_Lights"]
transform = Transform3D(1, 0, 0, 0, -0.770491, 0.637451, 0, -0.637451, -0.770491, 0, 1.5, -0.9)
visible = false
light_energy = 1.083
shadow_enabled = true

[node name="SpotLight3D3" type="SpotLight3D" parent="Node3D_Lights"]
transform = Transform3D(1, 0, 0, 0, -0.770491, 0.637451, 0, -0.637451, -0.770491, 1.2, 1.5, -0.9)
visible = false
light_energy = 1.083
shadow_enabled = true

[node name="SpotLight3D4" type="SpotLight3D" parent="Node3D_Lights"]
transform = Transform3D(1, 0, 0, 0, 0.799685, 0.60042, 0, -0.60042, 0.799685, -1.2, 1.5, 0.9)
light_energy = 1.083
shadow_enabled = true

[node name="SpotLight3D5" type="SpotLight3D" parent="Node3D_Lights"]
transform = Transform3D(1, 0, 0, 0, 0.770513, 0.637424, 0, -0.637424, 0.770513, 0, 1.5, 0.9)
light_energy = 1.083
shadow_enabled = true

[node name="SpotLight3D6" type="SpotLight3D" parent="Node3D_Lights"]
transform = Transform3D(1, 0, 0, 0, 0.770513, 0.637424, 0, -0.637424, 0.770513, 1.2, 1.5, 0.9)
light_energy = 1.083
shadow_enabled = true

[node name="Area3D_Goal_E" type="Area3D" parent="."]
transform = Transform3D(1, 0, 0, 0, 1, 0, 0, 0, 1, -1.15, 0, 0)

[node name="CollisionShape3D" type="CollisionShape3D" parent="Area3D_Goal_E"]
shape = SubResource("BoxShape3D_pn07i")

[node name="Area3D_Goal_W" type="Area3D" parent="."]
transform = Transform3D(1, 0, 0, 0, 1, 0, 0, 0, 1, 1.15, 0, 0)

[node name="CollisionShape3D" type="CollisionShape3D" parent="Area3D_Goal_W"]
shape = SubResource("BoxShape3D_orm3a")

[node name="Node3D" parent="." instance=ExtResource("10_mtq47")]
transform = Transform3D(1, 0, 0, 0, 1, 0, 0, 0, 1, -0.888493, 0, -0.136303)

[node name="PhysicalBone3D_thumb_02" parent="Node3D/Hand_foam2/metarig/Skeleton3D" index="0"]
transform = Transform3D(0.757828, 0.595127, 0.267492, 0.629849, -0.774286, -0.061771, 0.170365, 0.215263, -0.961572, -0.329802, 0.352588, 0.411283)
joint_offset = Transform3D(1, -7.45058e-09, -2.22045e-16, 7.45058e-09, 1, 0, 2.22045e-16, -1.65436e-24, 1, 1.2584, -0.17193, 0.613745)
body_offset = Transform3D(1.00002, 0.00016306, 3.9354e-05, -0.000169609, 1.00002, -1.06096e-05, -5.07236e-05, 4.00841e-05, 0.999995, -1.25842, 0.172152, -0.613671)

[node name="PhysicalBone3D_thumb_03" parent="Node3D/Hand_foam2/metarig/Skeleton3D" index="1"]
transform = Transform3D(0.704942, 0.665486, 0.250147, 0.691684, -0.724747, -0.034686, 0.157765, 0.197744, -0.968631, 0.705137, 1.21458, 0.00567968)
joint_offset = Transform3D(1, 0, 0, 0, 1, 0, 0, 0, 1, 0.000275214, 0.000367298, 9.88266e-05)
body_offset = Transform3D(1.00013, -0.000958377, -1.36048e-05, -1.16937e-05, 1.00361, 4.44949e-05, -0.000454366, 2.22474e-05, 1.00101, -0.000274897, -0.000368625, -9.88096e-05)

[node name="PhysicalBone3D_index_01" parent="Node3D/Hand_foam2/metarig/Skeleton3D" index="2"]
transform = Transform3D(0.163017, 0.564025, -0.809352, 0.0106471, -0.821339, -0.570172, -0.986595, 0.0844189, -0.139931, 0.745943, 1.2485, -0.00507876)
joint_offset = Transform3D(1, 0, 0, 0, 1, 0, 0, 0, 1, 9.22373e-05, 0.000499531, -0.000197239)
body_offset = Transform3D(1.00003, -3.38182e-05, 3.68655e-05, -5.2467e-05, 0.999924, 0.000159135, 9.68575e-06, -0.000161019, 0.999864, -9.22158e-05, -0.000499457, 0.000197291)

[node name="PhysicalBone3D_index_02" parent="Node3D/Hand_foam2/metarig/Skeleton3D" index="3"]
transform = Transform3D(0.148886, 0.432389, -0.889272, 0.00928175, -0.899812, -0.436008, -0.988889, 0.0567398, -0.138076, 0.77129, 1.21149, -0.00127493)
joint_offset = Transform3D(1, 0, 0, 0, 1, 0, 0, 0, 1, 9.80677e-05, 0.000476755, -0.000324823)
body_offset = Transform3D(1.00008, -2.88151e-05, 8.23885e-05, -5.5749e-05, 0.999921, 0.000163356, 1.21593e-05, -0.000183685, 0.999986, -9.80347e-05, -0.000476658, 0.000324905)

[node name="PhysicalBone3D_index_03" parent="Node3D/Hand_foam2/metarig/Skeleton3D" index="4"]
transform = Transform3D(-0.918606, 0.386274, 0.0825013, -0.393599, -0.912666, -0.109226, 0.0331193, -0.132774, 0.991029, 0.783478, 1.18605, 0.000319079)
joint_offset = Transform3D(0.874998, -0.216505, 0.43301, 0.433012, 0.749996, -0.499997, -0.216506, 0.624997, 0.749996, -0.000379505, 0.000435815, 5.18203e-05)
body_offset = Transform3D(-0.162221, 0.114335, -0.980542, 0.172286, 0.981186, 0.0859782, 0.971523, -0.154914, -0.178946, -6.05807e-05, -0.000366688, 0.000445485)

[node name="PhysicalBone3D_middle_01" parent="Node3D/Hand_foam2/metarig/Skeleton3D" index="5"]
transform = Transform3D(0.113318, 0.492681, -0.862835, -0.0350696, -0.865883, -0.499054, -0.99299, 0.0867863, -0.0808693, 0.75132, 1.24884, -0.0277029)
joint_offset = Transform3D(1, 0, 0, 0, 1, 1.88593e-08, 0, -1.88593e-08, 1, 5.63892e-05, 0.000358071, -0.000344499)
body_offset = Transform3D(1.00005, 2.62558e-05, 4.48972e-05, -8.27014e-06, 1.00001, 0.000171213, -1.59368e-05, -0.00016951, 1.00004, -5.6386e-05, -0.000358015, 0.000344574)

[node name="PhysicalBone3D_middle_02" parent="Node3D/Hand_foam2/metarig/Skeleton3D" index="6"]
transform = Transform3D(0.0357884, 0.276555, -0.960154, -0.0414036, -0.95958, -0.277967, -0.99823, 0.0496874, -0.0228838, 0.775756, 1.20596, -0.0233999)
joint_offset = Transform3D(1, 0, 0, 0, 1, 0, 0, 0, 1, 2.26385e-05, 0.000276686, -0.000381425)
body_offset = Transform3D(0.999729, 5.80773e-06, -2.44565e-06, 2.23145e-05, 0.999872, 0.000224413, -7.85291e-06, -0.000164545, 0.999842, -2.26349e-05, -0.000276566, 0.00038141)

[node name="PhysicalBone3D_middle_03" parent="Node3D/Hand_foam2/metarig/Skeleton3D" index="7"]
transform = Transform3D(-0.0121748, 0.163132, -0.986516, -0.0109496, -0.986576, -0.163007, -0.999906, 0.00879636, 0.0137939, 0.784658, 1.17506, -0.0218047)
joint_offset = Transform3D(1, 0, 0, 0, 1, 0, 0, 0, 1, -8.28335e-06, 0.000232885, -0.000409152)
body_offset = Transform3D(1.00004, 1.0361e-05, 9.22196e-06, 1.05826e-05, 1.00001, 0.000176465, -6.30878e-06, -0.000168542, 0.999988, 8.28505e-06, -0.000232816, 0.000409186)

[node name="PhysicalBone3D_ring_01" parent="Node3D/Hand_foam2/metarig/Skeleton3D" index="8"]
transform = Transform3D(-0.0136974, 0.390638, -0.920438, -0.0591223, -0.919255, -0.389235, -0.998141, 0.0491003, 0.0356855, 0.753507, 1.2483, -0.0521001)
joint_offset = Transform3D(1, 0, 0, 0, 1, 0, 0, 0, 1, -1.06377e-06, 0.000282082, -0.00041558)
body_offset = Transform3D(0.999984, -1.6436e-05, 1.08071e-05, 5.09247e-06, 1.00002, 0.000164665, -9.91672e-06, -0.000164268, 0.999991, 1.07288e-06, -0.000282019, 0.000415623)

[node name="PhysicalBone3D_ring_02" parent="Node3D/Hand_foam2/metarig/Skeleton3D" index="9"]
transform = Transform3D(-0.0664712, 0.248578, -0.96628, -0.033251, -0.968011, -0.246857, -0.997223, 0.0156852, 0.0726455, 0.770995, 1.20708, -0.0498995)
joint_offset = Transform3D(1, 0, 0, 0, 1, 0, 0, 0, 1, -3.0518e-05, 0.000199914, -0.000468695)
body_offset = Transform3D(0.999989, 9.76399e-06, 3.9041e-06, 1.2638e-05, 0.999541, 0.000185973, -9.72301e-06, -0.000282131, 0.999956, 3.05176e-05, -0.000199735, 0.000468731)

[node name="PhysicalBone3D_ring_03" parent="Node3D/Hand_foam2/metarig/Skeleton3D" index="10"]
transform = Transform3D(-0.155038, -0.0698955, -0.985449, 0.0322171, -0.9973, 0.0656854, -0.987414, -0.0215596, 0.156872, 0.778908, 1.17626, -0.0494005)
joint_offset = Transform3D(1, 0, 0, 0, 1, 0, 0, 0, 1, -7.87512e-05, 2.7086e-05, -0.000488715)
body_offset = Transform3D(1.00003, -3.19425e-05, -3.75509e-06, 2.65278e-05, 0.999978, 0.000168732, 3.66569e-06, -0.000180354, 1.00002, 7.87526e-05, -2.70009e-05, 0.000488728)

[node name="PhysicalBone3D_pinky_01" parent="Node3D/Hand_foam2/metarig/Skeleton3D" index="11"]
transform = Transform3D(-0.179571, 0.218976, -0.959078, -0.0330739, -0.975661, -0.216603, -0.983197, -0.00675574, 0.182508, 0.752305, 1.2429, -0.0763)
joint_offset = Transform3D(1, 0, 0, 0, 1, 0, 0, 0, 1, -8.54629e-05, 0.00020638, -0.000452608)
body_offset = Transform3D(1.00001, -0.000441558, -4.86523e-05, 3.09395e-05, 0.999955, 0.000169495, -6.28829e-06, -8.6849e-05, 1.00003, 8.55327e-05, -0.000206292, 0.000452638)

[node name="PhysicalBone3D_pinky_02" parent="Node3D/Hand_foam2/metarig/Skeleton3D" index="12"]
transform = Transform3D(-0.205972, 0.128052, -0.970028, -0.00485578, -0.990184, -0.130317, -0.978576, -0.0215831, 0.204835, 0.758395, 1.21569, -0.0765006)
joint_offset = Transform3D(1, 0, 0, 0, 1, 0, 0, 0, 1, -0.000104057, 0.000150127, -0.000478569)
body_offset = Transform3D(1.00003, -0.000478832, -5.84126e-06, 3.26987e-05, 0.998662, 0.000160038, -9.38773e-06, 0.000243942, 0.999947, 0.000104129, -0.000149846, 0.000478506)

[node name="PhysicalBone3D_pinky_03" parent="Node3D/Hand_foam2/metarig/Skeleton3D" index="13"]
transform = Transform3D(-0.236695, -0.0464287, -0.970516, 0.0239622, -0.998771, 0.041972, -0.971923, -0.0133427, 0.237438, 0.761308, 1.19326, -0.0770009)
joint_offset = Transform3D(1, 0, 0, 0, 1, 0, 0, 0, 1, -0.000118604, 3.61414e-05, -0.000479717)
body_offset = Transform3D(1.00062, -1.7833e-05, -9.53674e-06, 4.2716e-05, 0.999938, 0.000152818, -3.93391e-05, -0.000181195, 1.00002, 0.000118673, -3.60608e-05, 0.000479728)

[node name="PhysicalBone3D_hand" parent="Node3D/Hand_foam2/metarig/Skeleton3D" index="14"]
transform = Transform3D(-0.596656, 0.79852, -0.0804946, -0.802522, -0.593686, 0.0598511, -0.000100489, 0.0998059, 1.0001, 0.658888, 1.30617, -0.0491993)
joint_offset = Transform3D(1, 0, 0, 0, 1, 0, 0, 0, 1, -0.000245846, 0.000453321, -4.59853e-05)
body_offset = Transform3D(1.00002, -0.000171063, -8.49876e-07, 0.000165581, 1.00003, 2.95788e-06, -0.000103299, 3.72529e-06, 1.00512, 0.000245929, -0.000453293, 4.61936e-05)

[node name="Node3D2" parent="." instance=ExtResource("11_cwv57")]
transform = Transform3D(1, 0, 0, 0, 1, 0, 0, 0, 1, -0.776457, 0, 0.0949886)

[node name="PhysicalBone3D_thumb_02" parent="Node3D2/Hand_dragon/metarig/Skeleton3D" index="0"]
transform = Transform3D(0.75794, 0.594996, 0.267481, 0.629716, -0.774393, -0.0618179, 0.170365, 0.215258, -0.961568, -0.32945, 0.352701, 0.411285)
joint_offset = Transform3D(1, -7.45058e-09, -2.22045e-16, 7.45058e-09, 1, 0, 2.22045e-16, -1.65436e-24, 1, 1.25805, -0.172282, 0.613611)
body_offset = Transform3D(1.00002, -3.8147e-06, 2.41399e-06, -5.47618e-07, 1.00002, 2.02805e-05, -1.33961e-05, 1.63019e-05, 0.99999, -1.25808, 0.172274, -0.613585)

[node name="PhysicalBone3D_thumb_03" parent="Node3D2/Hand_dragon/metarig/Skeleton3D" index="1"]
transform = Transform3D(0.705064, 0.66536, 0.250141, 0.691561, -0.724864, -0.0347295, 0.157764, 0.197744, -0.96863, 0.705638, 1.21451, 0.00566077)
joint_offset = Transform3D(1, 0, 0, 0, 1, 0, 0, 0, 1, -2.95125e-05, -8.69266e-06, -4.70823e-05)
body_offset = Transform3D(1.00013, -0.00112818, -4.80711e-05, 0.000158062, 1.00361, 7.18087e-05, -0.00041908, -5.21541e-06, 1.00101, 2.95043e-05, 8.73208e-06, 4.71175e-05)

[node name="PhysicalBone3D_index_01" parent="Node3D2/Hand_dragon/metarig/Skeleton3D" index="2"]
transform = Transform3D(0.163019, 0.563881, -0.809453, 0.0106177, -0.821436, -0.570032, -0.986596, 0.0844229, -0.13993, 0.746453, 1.24843, -0.00507832)
joint_offset = Transform3D(1, 0, 0, 0, 1, 0, 0, 0, 1, 1.02576e-05, 0.000152796, 0.000174842)
body_offset = Transform3D(1.00003, -6.22198e-05, 2.08318e-05, -2.74926e-05, 0.999923, -1.34464e-05, 2.51979e-05, 1.0089e-05, 0.999865, -1.0252e-05, -0.000152782, -0.00017482)

[node name="PhysicalBone3D_index_02" parent="Node3D2/Hand_dragon/metarig/Skeleton3D" index="3"]
transform = Transform3D(0.148886, 0.432233, -0.88934, 0.00925586, -0.899888, -0.43585, -0.988892, 0.0567399, -0.138074, 0.771794, 1.21141, -0.0012742)
joint_offset = Transform3D(1, 0, 0, 0, 1, 0, 0, 0, 1, 2.44843e-05, 0.000188695, 8.91124e-05)
body_offset = Transform3D(1.00008, -5.29438e-05, 7.16597e-05, -3.26373e-05, 0.999921, -8.18912e-06, 2.38866e-05, -1.093e-05, 0.999978, -2.44826e-05, -0.000188679, -8.91089e-05)

[node name="PhysicalBone3D_index_03" parent="Node3D2/Hand_dragon/metarig/Skeleton3D" index="4"]
transform = Transform3D(-0.918675, 0.386118, 0.082483, -0.393438, -0.912745, -0.10924, 0.0331203, -0.132775, 0.991027, 0.783977, 1.18597, 0.000308536)
joint_offset = Transform3D(0.874998, -0.216505, 0.43301, 0.433012, 0.749996, -0.499997, -0.216506, 0.624997, 0.749996, 4.68298e-05, 0.00016838, 1.23839e-05)
body_offset = Transform3D(-0.162219, 0.114312, -0.980543, 0.172113, 0.981227, 0.0859879, 0.971554, -0.154746, -0.178925, 4.91738e-07, -0.000174344, -1.72257e-05)

[node name="PhysicalBone3D_middle_01" parent="Node3D2/Hand_dragon/metarig/Skeleton3D" index="5"]
transform = Transform3D(0.113313, 0.492477, -0.862911, -0.0350896, -0.865861, -0.498901, -0.993004, 0.0867786, -0.0808679, 0.751831, 1.24877, -0.0277026)
joint_offset = Transform3D(1, 0, 0, 0, 1, 1.88593e-08, 0, -1.88593e-08, 1, -3.77193e-06, 4.17576e-05, 5.94839e-05)
body_offset = Transform3D(1.00006, 1.00136e-05, 2.95416e-05, 4.93973e-06, 0.999889, 2.14903e-06, 2.6077e-07, -4.05172e-06, 1.00003, 3.76999e-06, -4.17531e-05, -5.94854e-05)

[node name="PhysicalBone3D_middle_02" parent="Node3D2/Hand_dragon/metarig/Skeleton3D" index="6"]
transform = Transform3D(0.035782, 0.276388, -0.960225, -0.0414099, -0.959632, -0.277813, -0.998207, 0.0496914, -0.0228914, 0.776259, 1.20588, -0.0233731)
joint_offset = Transform3D(1, 0, 0, 0, 1, 0, 0, 0, 1, 2.80638e-05, 5.97856e-05, 7.98802e-05)
body_offset = Transform3D(0.999706, -2.06754e-06, -3.76068e-06, 2.77348e-05, 0.999877, 5.6186e-05, -4.11645e-07, 1.00334e-05, 0.999868, -2.80552e-05, -5.97835e-05, -7.98702e-05)

[node name="PhysicalBone3D_middle_03" parent="Node3D2/Hand_dragon/metarig/Skeleton3D" index="7"]
transform = Transform3D(-0.0121772, 0.162956, -0.986544, -0.0109484, -0.986588, -0.162834, -1, 0.00879018, 0.0138022, 0.785153, 1.17498, -0.0218096)
joint_offset = Transform3D(1, 0, 0, 0, 1, 0, 0, 0, 1, -8.08041e-06, 7.33141e-05, 6.63402e-05)
body_offset = Transform3D(1.00013, 1.8823e-05, -6.51926e-07, 8.15839e-06, 0.999994, 1.21118e-06, -5.39422e-06, 7.65348e-06, 0.999987, 8.08015e-06, -7.33137e-05, -6.634e-05)

[node name="PhysicalBone3D_ring_01" parent="Node3D2/Hand_dragon/metarig/Skeleton3D" index="8"]
transform = Transform3D(-0.0137079, 0.390474, -0.920507, -0.0591197, -0.919314, -0.389073, -0.998141, 0.0490911, 0.0356903, 0.754015, 1.24822, -0.0521032)
joint_offset = Transform3D(1, 0, 0, 0, 1, 0, 0, 0, 1, -1.6577e-06, 1.52887e-05, 2.28286e-05)
body_offset = Transform3D(0.999984, -1.46404e-06, -2.63005e-06, -1.34483e-06, 1.00001, -1.11707e-05, -1.31503e-06, 9.77691e-06, 0.999992, 1.65775e-06, -1.52886e-05, -2.28286e-05)

[node name="PhysicalBone3D_ring_02" parent="Node3D2/Hand_dragon/metarig/Skeleton3D" index="9"]
transform = Transform3D(-0.066477, 0.248378, -0.966324, -0.033239, -0.968438, -0.246687, -0.997223, 0.0157139, 0.0726461, 0.771498, 1.20702, -0.0499007)
joint_offset = Transform3D(1, 0, 0, 0, 1, 0, 0, 0, 1, -2.68366e-07, 1.61544e-05, 1.96672e-06)
body_offset = Transform3D(0.999989, 8.70414e-06, 5.81145e-07, -4.04194e-07, 0.999906, 1.0596e-05, -7.06315e-06, 1.92577e-05, 0.999957, 2.68221e-07, -1.61529e-05, -1.96695e-06)

[node name="PhysicalBone3D_ring_03" parent="Node3D2/Hand_dragon/metarig/Skeleton3D" index="10"]
transform = Transform3D(-0.155032, -0.0700718, -0.985421, 0.0322446, -0.997286, 0.0658594, -0.987414, -0.02156, 0.156871, 0.779404, 1.17618, -0.0494004)
joint_offset = Transform3D(1, 0, 0, 0, 1, 0, 0, 0, 1, 7.15179e-07, -1.65704e-05, 4.97689e-06)
body_offset = Transform3D(1.00003, -3.8296e-06, -1.75834e-06, -1.24052e-06, 0.999977, -6.75698e-06, -3.57628e-07, -5.79935e-06, 1, -7.15256e-07, 1.65701e-05, -4.97699e-06)

[node name="PhysicalBone3D_pinky_01" parent="Node3D2/Hand_dragon/metarig/Skeleton3D" index="11"]
transform = Transform3D(-0.179567, 0.218799, -0.959118, -0.0330399, -0.975702, -0.216434, -0.98316, -0.00668248, 0.182508, 0.752814, 1.24282, -0.0763002)
joint_offset = Transform3D(1, 0, 0, 0, 1, 0, 0, 0, 1, 3.07322e-06, 2.09818e-05, 1.85343e-05)
body_offset = Transform3D(0.99997, -0.00048044, -4.63426e-05, -1.67731e-06, 0.999956, -3.74112e-06, -1.06245e-05, 0.000105183, 1.00003, -3.06219e-06, -2.09808e-05, -1.8537e-05)

[node name="PhysicalBone3D_pinky_02" parent="Node3D2/Hand_dragon/metarig/Skeleton3D" index="12"]
transform = Transform3D(-0.205974, 0.127702, -0.970048, -0.00481977, -0.990073, -0.130146, -0.978576, -0.021469, 0.204834, 0.758898, 1.21561, -0.0764999)
joint_offset = Transform3D(1, 0, 0, 0, 1, 0, 0, 0, 1, -2.26563e-07, 8.47652e-06, -7.79926e-07)
body_offset = Transform3D(1.00003, -0.000518994, -1.41561e-06, -3.18699e-06, 0.998505, -1.21659e-05, -1.26809e-05, 0.00059216, 0.999944, 2.30968e-07, -8.46386e-06, 7.7486e-07)

[node name="PhysicalBone3D_pinky_03" parent="Node3D2/Hand_dragon/metarig/Skeleton3D" index="13"]
transform = Transform3D(-0.236676, -0.0461875, -0.970508, 0.0239818, -0.997341, 0.0421412, -0.971715, -0.0135223, 0.237438, 0.761807, 1.19318, -0.0770009)
joint_offset = Transform3D(1, 0, 0, 0, 1, 0, 0, 0, 1, 1.18658e-06, -1.76694e-05, 7.80104e-06)
body_offset = Transform3D(1.00041, 0.000133866, -7.39098e-06, 1.95038e-05, 0.998501, -1.64886e-05, -8.06153e-06, -0.000397645, 1.00002, -1.18464e-06, 1.7643e-05, -7.80821e-06)

[node name="PhysicalBone3D_hand" parent="Node3D2/Hand_dragon/metarig/Skeleton3D" index="14"]
transform = Transform3D(-0.596792, 0.798416, -0.0804831, -0.802411, -0.593827, 0.0598646, -0.0001089, 0.099806, 1.0001, 0.659407, 1.30612, -0.0491993)
joint_offset = Transform3D(1, 0, 0, 0, 1, 0, 0, 0, 1, 1.71063e-05, 3.88926e-06, -1.07324e-06)
body_offset = Transform3D(1.00001, 3.89904e-06, -1.85729e-05, -9.706e-06, 1.00003, 4.12762e-06, -9.4171e-05, 3.73274e-06, 1.00512, -1.71065e-05, -3.8892e-06, 1.08033e-06)

[node name="Node3D3" parent="." instance=ExtResource("11_cwv57")]
transform = Transform3D(1, 0, 0, 0, 1, 0, 0, 0, 1, -0.438714, 0, 0.064715)

[node name="Node3D4" parent="." instance=ExtResource("10_mtq47")]
transform = Transform3D(1, 0, 0, 0, 1, 0, 0, 0, 1, -1.00956, 0, 0.288625)

[node name="Node3D5" parent="." instance=ExtResource("10_mtq47")]
transform = Transform3D(1, 0, 0, 0, 1, 0, 0, 0, 1, -0.509105, 0, -0.698795)

[editable path="Node3D"]
[editable path="Node3D/Hand_foam2"]
[editable path="Node3D2"]
[editable path="Node3D2/Hand_dragon"]
