[gd_scene load_steps=22 format=3 uid="uid://c5f1gell1psoj"]

[ext_resource type="Texture2D" uid="uid://cwfi5dkytkvn8" path="res://Assets/Textures/space-ship-monitor-unity/space-ship-monitor-unity/space-ship-monitor_albedo.png" id="1_i08qn"]
[ext_resource type="Script" path="res://Scripts/main.gd" id="1_ysrbe"]
[ext_resource type="Texture2D" uid="uid://b40s2a5m37oin" path="res://Assets/Textures/space-ship-monitor-unity/space-ship-monitor-unity/space-ship-monitor_ao.png" id="2_se11q"]
[ext_resource type="Texture2D" uid="uid://bdlnkbrao4vtr" path="res://Assets/Textures/space-ship-monitor-unity/space-ship-monitor-unity/space-ship-monitor_height.png" id="3_63qpm"]
[ext_resource type="Texture2D" uid="uid://wdns66se3jbo" path="res://Assets/Textures/space-ship-monitor-unity/space-ship-monitor-unity/space-ship-monitor_normal-ogl.png" id="4_ys6xb"]
[ext_resource type="PlaneMesh" uid="uid://dta3su2oxq31c" path="res://Mesh_Wall_N_S.tres" id="7_niw3k"]
[ext_resource type="PlaneMesh" uid="uid://dnaoa852o31rr" path="res://Mesh_Table.tres" id="8_e5mbu"]
[ext_resource type="Shape3D" uid="uid://cdplpjy2waiou" path="res://BoxShape3DWallN_S.tres" id="8_lyl06"]
[ext_resource type="Shape3D" uid="uid://c6kqlofjpekho" path="res://BoxShape3DWallE_W.tres" id="9_56sry"]
[ext_resource type="PlaneMesh" uid="uid://b6q5205eldw38" path="res://Mesh_Wall_E_W.tres" id="9_ip6vu"]
[ext_resource type="PackedScene" uid="uid://blj5mobln11uq" path="res://scene_hand_foam.tscn" id="10_mtq47"]
[ext_resource type="PackedScene" uid="uid://b2dveilc53bsd" path="res://scene_hand_dragon.tscn" id="11_cwv57"]

[sub_resource type="PhysicsMaterial" id="PhysicsMaterial_hgbit"]
bounce = 0.7

[sub_resource type="SphereShape3D" id="SphereShape3D_qg1ng"]
margin = 0.0
radius = 0.03

[sub_resource type="StandardMaterial3D" id="StandardMaterial3D_sb8xb"]
albedo_texture = ExtResource("1_i08qn")
metallic_specular = 0.0
normal_enabled = true
normal_scale = -0.72
normal_texture = ExtResource("4_ys6xb")
ao_enabled = true
ao_texture = ExtResource("2_se11q")
heightmap_enabled = true
heightmap_scale = -16.0
heightmap_texture = ExtResource("3_63qpm")
uv1_scale = Vector3(8, 8, 8)
texture_filter = 0

[sub_resource type="SphereMesh" id="SphereMesh_oy78s"]
material = SubResource("StandardMaterial3D_sb8xb")
radius = 0.03
height = 0.06

[sub_resource type="PhysicsMaterial" id="PhysicsMaterial_ekied"]

[sub_resource type="BoxShape3D" id="BoxShape3D_77ki7"]
size = Vector3(2.4, 1, 1.8)

[sub_resource type="BoxShape3D" id="BoxShape3D_pn07i"]
size = Vector3(0.1, 1, 1.8)

[sub_resource type="BoxShape3D" id="BoxShape3D_orm3a"]
size = Vector3(0.1, 1, 1.8)

[sub_resource type="PlaneMesh" id="PlaneMesh_e4geq"]
size = Vector2(0.02, 1.8)

[node name="Node3D" type="Node3D"]
script = ExtResource("1_ysrbe")

[node name="Camera3D" type="Camera3D" parent="."]
transform = Transform3D(1, 0, 0, 0, 0.62932, 0.777146, 0, -0.777146, 0.62932, 0, 3, 2.2)
current = true
fov = 25.9

[node name="RigidBody3DBall" type="RigidBody3D" parent="."]
transform = Transform3D(1, 0, 0, 0, 1, 0, 0, 0, 1, 0.875579, 0.139667, 0.182578)
physics_material_override = SubResource("PhysicsMaterial_hgbit")

[node name="CollisionShape3DBall" type="CollisionShape3D" parent="RigidBody3DBall"]
shape = SubResource("SphereShape3D_qg1ng")

[node name="MeshInstance3DBall" type="MeshInstance3D" parent="RigidBody3DBall"]
mesh = SubResource("SphereMesh_oy78s")
skeleton = NodePath("../..")

[node name="StaticBody3DTable" type="StaticBody3D" parent="."]
physics_material_override = SubResource("PhysicsMaterial_ekied")

[node name="CollisionShape3DTable" type="CollisionShape3D" parent="StaticBody3DTable"]
transform = Transform3D(1, 0, 0, 0, 1, 0, 0, 0, 1, 0, -0.5, 0)
shape = SubResource("BoxShape3D_77ki7")

[node name="MeshInstance3DTable" type="MeshInstance3D" parent="StaticBody3DTable"]
transform = Transform3D(1, 0, 0, 0, 1, 0, 0, 0, 1, 0, 0.02, 0)
mesh = ExtResource("8_e5mbu")
skeleton = NodePath("../..")

[node name="StaticBody3DWallN" type="StaticBody3D" parent="."]
transform = Transform3D(1, 0, 0, 0, -4.37114e-08, -1, 0, 1, -4.37114e-08, 0, 0, -0.9)
physics_material_override = SubResource("PhysicsMaterial_ekied")

[node name="CollisionShape3DWallN" type="CollisionShape3D" parent="StaticBody3DWallN"]
transform = Transform3D(1, 0, 0, 0, 1, 0, 0, 0, 1, 0, -0.5, -0.25)
visible = false
shape = ExtResource("8_lyl06")

[node name="MeshInstance3DWallN" type="MeshInstance3D" parent="StaticBody3DWallN"]
transform = Transform3D(1, 0, 0, 0, 1, 0, 0, 0, 1, 0, 0, -0.25)
mesh = ExtResource("7_niw3k")
skeleton = NodePath("../..")

[node name="StaticBody3DWallS" type="StaticBody3D" parent="."]
transform = Transform3D(1, 0, 0, 0, -4.37114e-08, -1, 0, 1, -4.37114e-08, 0, 0, 0.9)
physics_material_override = SubResource("PhysicsMaterial_ekied")

[node name="CollisionShape3DWallS" type="CollisionShape3D" parent="StaticBody3DWallS"]
transform = Transform3D(1, 0, 0, 0, 1, 0, 0, 0, 1, 0, 0.5, -0.25)
visible = false
shape = ExtResource("8_lyl06")

[node name="MeshInstance3DWallS" type="MeshInstance3D" parent="StaticBody3DWallS"]
transform = Transform3D(1, 0, 0, 0, 1, 0, 0, 0, 1, 0, 0, -0.25)
mesh = ExtResource("7_niw3k")
skeleton = NodePath("../..")

[node name="StaticBody3DWallE" type="StaticBody3D" parent="."]
transform = Transform3D(-4.37114e-08, -1, 0, 1, -4.37114e-08, 0, 0, 0, 1, 1.2, 0, 0)
physics_material_override = SubResource("PhysicsMaterial_ekied")

[node name="CollisionShape3DWallE" type="CollisionShape3D" parent="StaticBody3DWallE"]
transform = Transform3D(1, 0, 0, 0, 1, 0, 0, 0, 1, 0, -0.5, 0)
visible = false
shape = ExtResource("9_56sry")

[node name="MeshInstance3DWallE" type="MeshInstance3D" parent="StaticBody3DWallE"]
transform = Transform3D(1, 0, 0, 0, 1, 0, 0, 0, 1, 0.25, 0, 0)
mesh = ExtResource("9_ip6vu")
skeleton = NodePath("../..")

[node name="StaticBody3DWallW" type="StaticBody3D" parent="."]
transform = Transform3D(-4.37114e-08, 1, 0, -1, -4.37114e-08, 0, 0, 0, 1, -1.2, 0, 0)
physics_material_override = SubResource("PhysicsMaterial_ekied")

[node name="CollisionShape3DWallW" type="CollisionShape3D" parent="StaticBody3DWallW"]
transform = Transform3D(1, 0, 0, 0, 1, 0, 0, 0, 1, 0, -0.5, 0)
shape = ExtResource("9_56sry")

[node name="MeshInstance3DWallW" type="MeshInstance3D" parent="StaticBody3DWallW"]
transform = Transform3D(1, 0, 0, 0, 1, 0, 0, 0, 1, -0.25, 0, 0)
mesh = ExtResource("9_ip6vu")
skeleton = NodePath("../..")

[node name="Node3D_Lights" type="Node3D" parent="."]
transform = Transform3D(1, 0, 0, 0, 1, 0, 0, 0, 1, 0, -1.01808, 0)

[node name="SpotLight3D" type="SpotLight3D" parent="Node3D_Lights"]
transform = Transform3D(1, 0, 0, 0, -0.770491, 0.637451, 0, -0.637451, -0.770491, -1.2, 1.5, -0.9)
light_energy = 1.083
light_size = 0.1
shadow_enabled = true

[node name="SpotLight3D2" type="SpotLight3D" parent="Node3D_Lights"]
transform = Transform3D(1, 0, 0, 0, -0.770491, 0.637451, 0, -0.637451, -0.770491, 0, 1.5, -0.9)
light_energy = 1.083
light_size = 0.1
shadow_enabled = true

[node name="SpotLight3D3" type="SpotLight3D" parent="Node3D_Lights"]
transform = Transform3D(1, 0, 0, 0, -0.770491, 0.637451, 0, -0.637451, -0.770491, 1.2, 1.5, -0.9)
light_energy = 1.083
light_size = 0.1
shadow_enabled = true

[node name="SpotLight3D4" type="SpotLight3D" parent="Node3D_Lights"]
transform = Transform3D(1, 0, 0, 0, 0.799685, 0.60042, 0, -0.60042, 0.799685, -1.2, 1.5, 0.9)
light_energy = 1.083
light_size = 0.1
shadow_enabled = true

[node name="SpotLight3D5" type="SpotLight3D" parent="Node3D_Lights"]
transform = Transform3D(1, 0, 0, 0, 0.770513, 0.637424, 0, -0.637424, 0.770513, 0, 1.5, 0.9)
light_energy = 1.083
light_size = 0.1
shadow_enabled = true

[node name="SpotLight3D6" type="SpotLight3D" parent="Node3D_Lights"]
transform = Transform3D(1, 0, 0, 0, 0.770513, 0.637424, 0, -0.637424, 0.770513, 1.2, 1.5, 0.9)
light_energy = 1.083
light_size = 0.1
shadow_enabled = true

[node name="Area3D_Goal_E" type="Area3D" parent="."]
transform = Transform3D(1, 0, 0, 0, 1, 0, 0, 0, 1, -1.15, 0, 0)

[node name="CollisionShape3D" type="CollisionShape3D" parent="Area3D_Goal_E"]
shape = SubResource("BoxShape3D_pn07i")

[node name="Area3D_Goal_W" type="Area3D" parent="."]
transform = Transform3D(1, 0, 0, 0, 1, 0, 0, 0, 1, 1.15, 0, 0)

[node name="CollisionShape3D" type="CollisionShape3D" parent="Area3D_Goal_W"]
shape = SubResource("BoxShape3D_orm3a")

[node name="Node3D_hand_foam" parent="." instance=ExtResource("10_mtq47")]
transform = Transform3D(-1, 0, -8.74228e-08, 0, 1, 0, 8.74228e-08, 0, -1, 0.986184, 0, 0.0617977)

[node name="PhysicalBone3D_thumb_02" parent="Node3D_hand_foam/Hand_foam2/metarig/Skeleton3D" index="0"]
transform = Transform3D(0.757828, 0.595129, 0.267492, 0.629848, -0.774288, -0.061771, 0.170365, 0.215262, -0.961572, -0.329793, 0.352578, 0.411267)
joint_offset = Transform3D(1, -7.45058e-09, -2.22045e-16, 7.45058e-09, 1, 0, 2.22045e-16, -1.65436e-24, 1, 1.2584, -0.17194, 0.613726)
joint_rotation = Vector3(3.9443e-30, -2.22045e-16, 7.45058e-09)
body_offset = Transform3D(1.00002, 0.000163797, 3.94136e-05, -0.000168886, 1.00002, -1.05649e-05, -5.09918e-05, 4.17084e-05, 0.999994, -1.25842, 0.172162, -0.613652)

[node name="PhysicalBone3D_thumb_03" parent="Node3D_hand_foam/Hand_foam2/metarig/Skeleton3D" index="1"]
transform = Transform3D(0.704942, 0.665486, 0.250147, 0.691684, -0.724748, -0.0346859, 0.157765, 0.197745, -0.968631, 0.705121, 1.21454, 0.00567945)
joint_offset = Transform3D(1, 0, 0, 0, 1, 0, 0, 0, 1, 0.000312625, 0.00035055, 0.000101263)
body_offset = Transform3D(1.00013, -0.000958055, -1.36942e-05, -1.16285e-05, 1.00361, 4.4331e-05, -0.000454545, 2.20537e-05, 1.00101, -0.000312328, -0.000351816, -0.000101231)

[node name="PhysicalBone3D_index_01" parent="Node3D_hand_foam/Hand_foam2/metarig/Skeleton3D" index="2"]
transform = Transform3D(0.163018, 0.564025, -0.809352, 0.0106471, -0.821339, -0.570173, -0.986596, 0.0844193, -0.139931, 0.745937, 1.24848, -0.00507936)
joint_offset = Transform3D(1, 0, 0, 0, 1, 0, 0, 0, 1, 9.2856e-05, 0.000488625, -0.000212382)
body_offset = Transform3D(1.00003, -3.41609e-05, 3.68953e-05, -5.25191e-05, 0.999924, 0.000159404, 9.68575e-06, -0.000161454, 0.999864, -9.28342e-05, -0.000488549, 0.000212431)

[node name="PhysicalBone3D_index_02" parent="Node3D_hand_foam/Hand_foam2/metarig/Skeleton3D" index="3"]
transform = Transform3D(0.148886, 0.432389, -0.889271, 0.00928176, -0.899812, -0.436009, -0.988892, 0.0567398, -0.138076, 0.771277, 1.21146, -0.00127598)
joint_offset = Transform3D(1, 0, 0, 0, 1, 0, 0, 0, 1, 9.91938e-05, 0.000459472, -0.000347655)
body_offset = Transform3D(1.00008, -2.88449e-05, 8.2463e-05, -5.57341e-05, 0.99992, 0.000163953, 1.21593e-05, -0.000183448, 0.999985, -9.91598e-05, -0.000459373, 0.000347733)

[node name="PhysicalBone3D_index_03" parent="Node3D_hand_foam/Hand_foam2/metarig/Skeleton3D" index="4"]
transform = Transform3D(-0.918606, 0.386274, 0.0825013, -0.3936, -0.912666, -0.109226, 0.033119, -0.132775, 0.991029, 0.783467, 1.18604, 0.000319794)
joint_offset = Transform3D(0.874998, -0.216505, 0.43301, 0.433012, 0.749996, -0.499997, -0.216506, 0.624997, 0.749996, -0.000396354, 0.000424762, 5.01885e-05)
joint_rotation = Vector3(0.523599, 0.523599, 0.523599)
body_offset = Transform3D(-0.162221, 0.114335, -0.980542, 0.172286, 0.981186, 0.0859782, 0.971523, -0.154914, -0.178946, -6.36503e-05, -0.0003528, 0.00045985)

[node name="PhysicalBone3D_middle_01" parent="Node3D_hand_foam/Hand_foam2/metarig/Skeleton3D" index="5"]
transform = Transform3D(0.113317, 0.492678, -0.862823, -0.0350681, -0.865877, -0.499052, -0.992987, 0.0867861, -0.0808683, 0.751318, 1.24882, -0.0277027)
joint_offset = Transform3D(1, 0, 0, 0, 1, 1.88593e-08, 0, -1.88593e-08, 1, 5.60257e-05, 0.000338349, -0.000357917)
body_offset = Transform3D(1.00005, 2.58535e-05, 4.51356e-05, -9.80496e-06, 1, 0.00017545, -1.5974e-05, -0.000169971, 1.00003, -5.60209e-05, -0.000338286, 0.000357985)

[node name="PhysicalBone3D_middle_02" parent="Node3D_hand_foam/Hand_foam2/metarig/Skeleton3D" index="6"]
transform = Transform3D(0.0357884, 0.276555, -0.960153, -0.0414036, -0.95958, -0.277967, -0.99823, 0.0496899, -0.0228855, 0.775752, 1.20594, -0.0233991)
joint_offset = Transform3D(1, 0, 0, 0, 1, 0, 0, 0, 1, 2.25206e-05, 0.000254215, -0.000392576)
body_offset = Transform3D(0.999729, 3.30806e-06, -7.52509e-07, 2.23145e-05, 0.999873, 0.000224331, -7.8436e-06, -0.000164779, 0.999842, -2.25157e-05, -0.000254095, 0.000392556)

[node name="PhysicalBone3D_middle_03" parent="Node3D_hand_foam/Hand_foam2/metarig/Skeleton3D" index="7"]
transform = Transform3D(-0.012172, 0.163132, -0.986516, -0.0109502, -0.986575, -0.163007, -0.999726, 0.00879595, 0.0137931, 0.784661, 1.17504, -0.0218044)
joint_offset = Transform3D(1, 0, 0, 0, 1, 0, 0, 0, 1, -8.18009e-06, 0.000213157, -0.000409274)
body_offset = Transform3D(0.99986, 1.07586e-05, 9.98005e-06, 1.32825e-05, 1.00001, 0.00017646, -6.51553e-06, -0.000168576, 0.999988, 8.18074e-06, -0.000213087, 0.000409305)

[node name="PhysicalBone3D_ring_01" parent="Node3D_hand_foam/Hand_foam2/metarig/Skeleton3D" index="8"]
transform = Transform3D(-0.0138883, 0.390639, -0.920438, -0.0581677, -0.919254, -0.389235, -0.992642, 0.0491, 0.035685, 0.753502, 1.24826, -0.0520974)
joint_offset = Transform3D(1, 0, 0, 0, 1, 0, 0, 0, 1, -8.60126e-07, 0.000247188, -0.000435792)
body_offset = Transform3D(0.994442, -1.61678e-05, 1.13025e-05, -0.000676986, 1.00002, 0.000164646, -9.38401e-06, -0.000164721, 0.999991, 8.64267e-07, -0.000247121, 0.000435829)

[node name="PhysicalBone3D_ring_02" parent="Node3D_hand_foam/Hand_foam2/metarig/Skeleton3D" index="9"]
transform = Transform3D(-0.0664712, 0.248577, -0.96628, -0.033251, -0.967983, -0.246857, -0.997223, 0.0156886, 0.0726464, 0.770984, 1.20705, -0.0498983)
joint_offset = Transform3D(1, 0, 0, 0, 1, 0, 0, 0, 1, -3.09347e-05, 0.000178157, -0.000486166)
body_offset = Transform3D(0.999989, 5.57117e-06, 2.98023e-06, 1.2612e-05, 0.999514, 0.000185695, -9.74536e-06, -0.000287784, 0.999956, 3.09348e-05, -0.000177979, 0.000486195)

[node name="PhysicalBone3D_ring_03" parent="Node3D_hand_foam/Hand_foam2/metarig/Skeleton3D" index="10"]
transform = Transform3D(-0.155037, -0.0698956, -0.985452, 0.0322171, -0.997298, 0.0656856, -0.987414, -0.0215571, 0.156873, 0.778893, 1.17621, -0.0494015)
joint_offset = Transform3D(1, 0, 0, 0, 1, 0, 0, 0, 1, -8.06158e-05, -2.12524e-05, -0.000500553)
body_offset = Transform3D(1.00003, -3.43937e-05, -4.38094e-06, 2.65334e-05, 0.999977, 0.000168688, 3.63588e-06, -0.000179736, 1.00002, 8.06153e-05, 2.13385e-05, 0.00050056)

[node name="PhysicalBone3D_pinky_01" parent="Node3D_hand_foam/Hand_foam2/metarig/Skeleton3D" index="11"]
transform = Transform3D(-0.179572, 0.218984, -0.95908, -0.0330739, -0.97564, -0.216603, -0.983199, -0.0066098, 0.182509, 0.752313, 1.24285, -0.0762991)
joint_offset = Transform3D(1, 0, 0, 0, 1, 0, 0, 0, 1, -8.46564e-05, 0.000158281, -0.000455295)
body_offset = Transform3D(1.00001, -0.000587173, -4.86672e-05, 3.0803e-05, 0.999936, 0.000169621, -6.28829e-06, -7.24298e-05, 1.00003, 8.4728e-05, -0.000158191, 0.00045532)

[node name="PhysicalBone3D_pinky_02" parent="Node3D_hand_foam/Hand_foam2/metarig/Skeleton3D" index="12"]
transform = Transform3D(-0.205973, 0.128051, -0.970027, -0.00485568, -0.990183, -0.130317, -0.978576, -0.0215848, 0.204835, 0.758395, 1.21564, -0.0765017)
joint_offset = Transform3D(1, 0, 0, 0, 1, 0, 0, 0, 1, -0.00010533, 0.000105842, -0.000483983)
body_offset = Transform3D(1.00003, -0.000477053, -5.91576e-06, 3.25814e-05, 0.998662, 0.000159993, -9.32813e-06, 0.000244022, 0.999946, 0.000105381, -0.000105619, 0.00048393)

[node name="PhysicalBone3D_pinky_03" parent="Node3D_hand_foam/Hand_foam2/metarig/Skeleton3D" index="13"]
transform = Transform3D(-0.236696, -0.0453966, -0.970515, 0.0239623, -0.995225, 0.0419712, -0.971927, -0.0137993, 0.237439, 0.761296, 1.19322, -0.0769958)
joint_offset = Transform3D(1, 0, 0, 0, 1, 0, 0, 0, 1, -0.000115446, -4.40618e-06, -0.000490487)
body_offset = Transform3D(1.00062, 0.000266584, -1.08182e-05, 4.27384e-05, 0.996355, 0.000153503, -3.93838e-05, -0.00114185, 1.00002, 0.000115514, 4.47035e-06, 0.000490487)

[node name="PhysicalBone3D_hand" parent="Node3D_hand_foam/Hand_foam2/metarig/Skeleton3D" index="14"]
transform = Transform3D(-0.596656, 0.79852, -0.0804946, -0.802522, -0.593687, 0.0598511, -5.3253e-05, 0.099806, 1.0001, 0.658791, 1.306, -0.0492313)
joint_offset = Transform3D(1, 0, 0, 0, 1, 0, 0, 0, 1, -0.000441111, 0.00043192, -1.18717e-05)
body_offset = Transform3D(1.00002, -0.000170972, -8.45205e-07, 0.000170304, 1.00003, 2.95788e-06, -5.62994e-05, 3.74019e-06, 1.00512, 0.000441194, -0.000431858, 1.1906e-05)

[node name="Node3D_hand_dragon" parent="." instance=ExtResource("11_cwv57")]
transform = Transform3D(1, 0, 0, 0, 1, 0, 0, 0, 1, -0.962238, 0, 0.0949886)

[node name="PhysicalBone3D_thumb_02" parent="Node3D_hand_dragon/Hand_dragon/metarig/Skeleton3D" index="0"]
transform = Transform3D(0.75794, 0.594996, 0.267481, 0.629716, -0.774393, -0.0618179, 0.170365, 0.215258, -0.961568, -0.329457, 0.352678, 0.411287)
joint_offset = Transform3D(1, -7.45058e-09, -2.22045e-16, 7.45058e-09, 1, 0, 2.22045e-16, -1.65436e-24, 1, 1.25807, -0.172296, 0.613613)
joint_rotation = Vector3(3.9443e-30, -2.22045e-16, 7.45058e-09)
body_offset = Transform3D(1.00002, -3.7998e-06, 2.41399e-06, -6.33299e-07, 1.00002, 2.02954e-05, -1.33812e-05, 1.63317e-05, 0.99999, -1.2581, 0.172288, -0.613587)

[node name="PhysicalBone3D_thumb_03" parent="Node3D_hand_dragon/Hand_dragon/metarig/Skeleton3D" index="1"]
transform = Transform3D(0.705064, 0.665359, 0.250141, 0.691561, -0.724864, -0.0347295, 0.157765, 0.197744, -0.96863, 0.705633, 1.21449, 0.00566038)
joint_offset = Transform3D(1, 0, 0, 0, 1, 0, 0, 0, 1, -1.42068e-05, -1.81381e-05, -4.69122e-05)
body_offset = Transform3D(1.00013, -0.00112798, -4.80711e-05, 0.00015809, 1.00361, 7.18087e-05, -0.000420049, -5.31971e-06, 1.00101, 1.41859e-05, 1.82092e-05, 4.69536e-05)

[node name="PhysicalBone3D_index_01" parent="Node3D_hand_dragon/Hand_dragon/metarig/Skeleton3D" index="2"]
transform = Transform3D(0.163019, 0.563881, -0.809453, 0.0106178, -0.821436, -0.570032, -0.986596, 0.0844229, -0.13993, 0.746449, 1.2484, -0.00507831)
joint_offset = Transform3D(1, 0, 0, 0, 1, 0, 0, 0, 1, 1.12702e-05, 0.000137461, 0.000158508)
body_offset = Transform3D(1.00003, -6.22645e-05, 2.08169e-05, -2.75746e-05, 0.999923, -1.34436e-05, 2.52575e-05, 1.02334e-05, 0.999865, -1.12653e-05, -0.000137448, -0.000158489)

[node name="PhysicalBone3D_index_02" parent="Node3D_hand_dragon/Hand_dragon/metarig/Skeleton3D" index="3"]
transform = Transform3D(0.148885, 0.43223, -0.88934, 0.00925577, -0.899886, -0.435851, -0.988889, 0.0567394, -0.138074, 0.771793, 1.21139, -0.00127474)
joint_offset = Transform3D(1, 0, 0, 0, 1, 0, 0, 0, 1, 2.41414e-05, 0.000176624, 8.26746e-05)
body_offset = Transform3D(1.00008, -5.28656e-05, 7.16597e-05, -3.26857e-05, 0.999919, -8.19005e-06, 2.41399e-05, -9.49949e-06, 0.999978, -2.41399e-05, -0.000176609, -8.26716e-05)

[node name="PhysicalBone3D_index_03" parent="Node3D_hand_dragon/Hand_dragon/metarig/Skeleton3D" index="4"]
transform = Transform3D(-0.918675, 0.386118, 0.0824831, -0.393438, -0.912745, -0.10924, 0.03312, -0.132775, 0.991027, 0.783974, 1.18597, 0.000308387)
joint_offset = Transform3D(0.874998, -0.216505, 0.43301, 0.433012, 0.749996, -0.499997, -0.216506, 0.624997, 0.749996, 4.26726e-05, 0.000165833, 1.2334e-05)
joint_rotation = Vector3(0.523599, 0.523599, 0.523599)
body_offset = Transform3D(-0.162219, 0.114312, -0.980543, 0.172113, 0.981227, 0.0859879, 0.971554, -0.154746, -0.178925, 5.96046e-08, -0.000171125, -1.35899e-05)

[node name="PhysicalBone3D_middle_01" parent="Node3D_hand_dragon/Hand_dragon/metarig/Skeleton3D" index="5"]
transform = Transform3D(0.113311, 0.492461, -0.862907, -0.0350888, -0.865829, -0.498901, -0.992996, 0.0867767, -0.0808676, 0.751832, 1.24876, -0.0277016)
joint_offset = Transform3D(1, 0, 0, 0, 1, 1.88593e-08, 0, -1.88593e-08, 1, -3.2502e-06, 3.23699e-05, 5.53119e-05)
body_offset = Transform3D(1.00006, 8.91834e-06, 2.96831e-05, 4.34369e-06, 0.999853, 3.8459e-06, 2.45869e-07, -6.31576e-06, 1.00003, 3.24845e-06, -3.23653e-05, -5.53131e-05)

[node name="PhysicalBone3D_middle_02" parent="Node3D_hand_dragon/Hand_dragon/metarig/Skeleton3D" index="6"]
transform = Transform3D(0.035782, 0.276388, -0.960238, -0.0414099, -0.959633, -0.277804, -0.998207, 0.0496915, -0.0230657, 0.77626, 1.20586, -0.023375)
joint_offset = Transform3D(1, 0, 0, 0, 1, 0, 0, 0, 1, 2.53193e-05, 3.95789e-05, 7.53488e-05)
body_offset = Transform3D(0.999706, -2.07871e-06, 0.000169495, 2.77311e-05, 0.999877, 3.58401e-05, -4.13507e-07, 9.85351e-06, 0.999882, -2.53245e-05, -3.95775e-05, -7.53403e-05)

[node name="PhysicalBone3D_middle_03" parent="Node3D_hand_dragon/Hand_dragon/metarig/Skeleton3D" index="7"]
transform = Transform3D(-0.012177, 0.162955, -0.986543, -0.0109484, -0.986584, -0.162835, -0.999996, 0.00878906, 0.0138005, 0.785146, 1.17498, -0.0218115)
joint_offset = Transform3D(1, 0, 0, 0, 1, 0, 0, 0, 1, -1.01403e-05, 6.8546e-05, 5.84724e-05)
body_offset = Transform3D(1.00013, 1.99052e-05, 1.06171e-06, 8.29902e-06, 0.99999, 1.8219e-06, -5.54603e-06, 7.54869e-06, 0.999986, 1.01402e-05, -6.85453e-05, -5.84722e-05)

[node name="PhysicalBone3D_ring_01" parent="Node3D_hand_dragon/Hand_dragon/metarig/Skeleton3D" index="8"]
transform = Transform3D(-0.0137079, 0.390475, -0.920507, -0.0591197, -0.919315, -0.389073, -0.998141, 0.0490907, 0.0356903, 0.754016, 1.24821, -0.0521032)
joint_offset = Transform3D(1, 0, 0, 0, 1, 0, 0, 0, 1, -2.26868e-06, 4.85794e-06, 1.92524e-05)
body_offset = Transform3D(0.999984, -1.00955e-06, -2.63005e-06, -1.35601e-06, 1.00001, -1.12004e-05, -1.3113e-06, 9.70252e-06, 0.999992, 2.2687e-06, -4.85778e-06, -1.92523e-05)

[node name="PhysicalBone3D_ring_02" parent="Node3D_hand_dragon/Hand_dragon/metarig/Skeleton3D" index="9"]
transform = Transform3D(-0.066477, 0.248378, -0.966324, -0.0332391, -0.968439, -0.246687, -0.997223, 0.0157142, 0.0726461, 0.771467, 1.20702, -0.0499048)
joint_offset = Transform3D(1, 0, 0, 0, 1, 0, 0, 0, 1, -6.32954e-06, 2.61692e-05, -2.70622e-05)
body_offset = Transform3D(0.999989, 8.42288e-06, 5.88596e-07, -3.89293e-07, 0.999906, 1.02378e-05, -7.07805e-06, 1.93682e-05, 0.999957, 6.32927e-06, -2.61664e-05, 2.70605e-05)

[node name="PhysicalBone3D_ring_03" parent="Node3D_hand_dragon/Hand_dragon/metarig/Skeleton3D" index="10"]
transform = Transform3D(-0.155031, -0.0700728, -0.985419, 0.0322446, -0.997283, 0.0658599, -0.987414, -0.0215589, 0.156871, 0.77939, 1.17617, -0.0493998)
joint_offset = Transform3D(1, 0, 0, 0, 1, 0, 0, 0, 1, -4.65792e-07, -2.83726e-05, -7.92756e-06)
body_offset = Transform3D(1.00003, -4.65102e-06, -1.62423e-06, -1.24238e-06, 0.999974, -7.40401e-06, -4.76837e-07, -4.46592e-06, 0.999998, 4.65661e-07, 2.83718e-05, 7.92742e-06)

[node name="PhysicalBone3D_pinky_01" parent="Node3D_hand_dragon/Hand_dragon/metarig/Skeleton3D" index="11"]
transform = Transform3D(-0.179568, 0.218811, -0.959118, -0.0330399, -0.975684, -0.216434, -0.98316, -0.00655008, 0.182508, 0.752816, 1.24281, -0.0763005)
joint_offset = Transform3D(1, 0, 0, 0, 1, 0, 0, 0, 1, 2.48305e-06, 1.90753e-06, 1.64502e-05)
body_offset = Transform3D(0.99997, -0.000613263, -4.63575e-05, -1.68616e-06, 0.999939, -3.74357e-06, -1.05798e-05, 0.000114408, 1.00003, -2.48104e-06, -1.90735e-06, -1.64509e-05)

[node name="PhysicalBone3D_pinky_02" parent="Node3D_hand_dragon/Hand_dragon/metarig/Skeleton3D" index="12"]
transform = Transform3D(-0.205974, 0.127702, -0.970048, -0.00481977, -0.990073, -0.130146, -0.978576, -0.021469, 0.204834, 0.758884, 1.21555, -0.0765024)
joint_offset = Transform3D(1, 0, 0, 0, 1, 0, 0, 0, 1, -5.79231e-06, -4.95462e-05, -2.11316e-05)
body_offset = Transform3D(1.00003, -0.000518983, -9.08971e-07, -3.19071e-06, 0.998505, -1.20001e-05, -1.26958e-05, 0.000592162, 0.999944, 5.76675e-06, 4.94719e-05, 2.11596e-05)

[node name="PhysicalBone3D_pinky_03" parent="Node3D_hand_dragon/Hand_dragon/metarig/Skeleton3D" index="13"]
transform = Transform3D(-0.236676, -0.0429537, -0.970509, 0.0239818, -0.986202, 0.0421412, -0.971715, -0.0149701, 0.237438, 0.7618, 1.19316, -0.0770012)
joint_offset = Transform3D(1, 0, 0, 0, 1, 0, 0, 0, 1, -1.06537e-07, -4.06926e-05, 2.12615e-06)
body_offset = Transform3D(1.00041, 0.00104234, -7.40588e-06, 1.94637e-05, 0.987244, -1.64947e-05, -8.06153e-06, -0.00341045, 1.00002, 1.49012e-07, 4.01735e-05, -2.26498e-06)

[node name="PhysicalBone3D_hand" parent="Node3D_hand_dragon/Hand_dragon/metarig/Skeleton3D" index="14"]
transform = Transform3D(-0.596791, 0.798416, -0.0804832, -0.802409, -0.593827, 0.0598646, -0.000109781, 0.099806, 1.0001, 0.659403, 1.3061, -0.0491993)
joint_offset = Transform3D(1, 0, 0, 0, 1, 0, 0, 0, 1, -1.37087e-06, -5.41642e-06, -1.48362e-07)
body_offset = Transform3D(1.00001, 3.88405e-06, -1.85711e-05, -9.80867e-06, 1.00003, 4.08292e-06, -9.50461e-05, 3.72529e-06, 1.00512, 1.37091e-06, 5.41657e-06, 1.49012e-07)

[node name="MeshInstance3D_goal_line_dragon" type="MeshInstance3D" parent="."]
transform = Transform3D(1, 0, 0, 0, 1, 0, 0, 0, 1, -1.1, 0.03, 0)
mesh = SubResource("PlaneMesh_e4geq")

[node name="MeshInstance3D_goal_line_foam" type="MeshInstance3D" parent="."]
transform = Transform3D(1, 0, 0, 0, 1, 0, 0, 0, 1, 1.1, 0.03, 0)
mesh = SubResource("PlaneMesh_e4geq")

[editable path="Node3D_hand_foam"]
[editable path="Node3D_hand_foam/Hand_foam2"]
[editable path="Node3D_hand_dragon"]
[editable path="Node3D_hand_dragon/Hand_dragon"]
