[gd_scene load_steps=30 format=3 uid="uid://b2dveilc53bsd"]

[ext_resource type="PackedScene" uid="uid://dx0fn8ftts6m2" path="res://Assets/Hand_dragon/Hand_dragon2.glb" id="1_xhfiy"]

[sub_resource type="CapsuleShape3D" id="CapsuleShape3D_v8lc0"]
radius = 0.008
height = 0.03

[sub_resource type="CapsuleMesh" id="CapsuleMesh_6peiy"]
radius = 0.008
height = 0.03

[sub_resource type="CapsuleShape3D" id="CapsuleShape3D_mc853"]
radius = 0.008
height = 0.016

[sub_resource type="CapsuleMesh" id="CapsuleMesh_5401s"]
radius = 0.008
height = 0.016

[sub_resource type="CapsuleShape3D" id="CapsuleShape3D_m0w1o"]
radius = 0.003
height = 0.045

[sub_resource type="CapsuleMesh" id="CapsuleMesh_e451u"]
radius = 0.008
height = 0.045

[sub_resource type="CapsuleShape3D" id="CapsuleShape3D_8qb4d"]
radius = 0.003
height = 0.028

[sub_resource type="CapsuleMesh" id="CapsuleMesh_3llv7"]
radius = 0.008
height = 0.028

[sub_resource type="CapsuleShape3D" id="CapsuleShape3D_8nmwt"]
radius = 0.005
height = 0.018

[sub_resource type="CapsuleMesh" id="CapsuleMesh_nduom"]
radius = 0.008
height = 0.018

[sub_resource type="CapsuleShape3D" id="CapsuleShape3D_shmdg"]
radius = 0.005
height = 0.05

[sub_resource type="CapsuleMesh" id="CapsuleMesh_y3jsg"]
radius = 0.008
height = 0.05

[sub_resource type="CapsuleShape3D" id="CapsuleShape3D_l27um"]
radius = 0.005
height = 0.036

[sub_resource type="CapsuleMesh" id="CapsuleMesh_lipi4"]
radius = 0.008
height = 0.036

[sub_resource type="CapsuleShape3D" id="CapsuleShape3D_buf6g"]
radius = 0.005
height = 0.02

[sub_resource type="CapsuleMesh" id="CapsuleMesh_pi0il"]
radius = 0.008
height = 0.02

[sub_resource type="CapsuleShape3D" id="CapsuleShape3D_r1d4e"]
radius = 0.005
height = 0.045

[sub_resource type="CapsuleMesh" id="CapsuleMesh_sf0e8"]
radius = 0.008
height = 0.045

[sub_resource type="CapsuleShape3D" id="CapsuleShape3D_iegmi"]
radius = 0.005
height = 0.032

[sub_resource type="CapsuleMesh" id="CapsuleMesh_1d126"]
radius = 0.008
height = 0.032

[sub_resource type="CapsuleShape3D" id="CapsuleShape3D_wqepf"]
radius = 0.005
height = 0.018

[sub_resource type="CapsuleMesh" id="CapsuleMesh_mgpft"]
radius = 0.008
height = 0.018

[sub_resource type="CapsuleShape3D" id="CapsuleShape3D_wqtpk"]
radius = 0.005
height = 0.028

[sub_resource type="CapsuleMesh" id="CapsuleMesh_s8jte"]
radius = 0.008
height = 0.028

[sub_resource type="CapsuleShape3D" id="CapsuleShape3D_0io8n"]
radius = 0.005
height = 0.022

[sub_resource type="CapsuleMesh" id="CapsuleMesh_madvo"]
radius = 0.008
height = 0.022

[sub_resource type="CapsuleShape3D" id="CapsuleShape3D_kiewy"]
radius = 0.005
height = 0.016

[sub_resource type="CapsuleMesh" id="CapsuleMesh_e4cko"]
radius = 0.008
height = 0.016

[node name="Node3D" type="Node3D"]

[node name="Hand_dragon" parent="." instance=ExtResource("1_xhfiy")]
transform = Transform3D(0.528438, 0.848972, 0, -0.848972, 0.528438, 0, 0, 0, 1, -1.469, 0.062, 0)

[node name="PhysicalBone3D_thumb_02" type="PhysicalBone3D" parent="Hand_dragon/metarig/Skeleton3D" index="0"]
transform = Transform3D(0.75794, 0.594996, 0.267481, 0.629716, -0.774393, -0.0618179, 0.170365, 0.215258, -0.961568, -0.32945, 0.352703, 0.411285)
joint_offset = Transform3D(1, -7.45058e-09, -2.22045e-16, 7.45058e-09, 1, 0, 2.22045e-16, -1.65436e-24, 1, 1.25805, -0.172281, 0.613611)
joint_rotation = Vector3(0, -2.22045e-16, 7.45058e-09)
body_offset = Transform3D(1.00002, -4.09782e-06, 2.41399e-06, -5.47618e-07, 1.00002, 2.02805e-05, -1.33961e-05, 1.60933e-05, 0.99999, -1.25808, 0.172273, -0.613585)
bone_name = "thumb.02.L"

[node name="CollisionShape3D" type="CollisionShape3D" parent="Hand_dragon/metarig/Skeleton3D/PhysicalBone3D_thumb_02"]
transform = Transform3D(1, 4.47035e-08, -7.00355e-07, -1.49012e-08, 1, -2.08616e-07, 5.96046e-08, -8.9407e-08, 1, 1.26004, -0.157012, 0.614107)
shape = SubResource("CapsuleShape3D_v8lc0")

[node name="MeshInstance3D" type="MeshInstance3D" parent="Hand_dragon/metarig/Skeleton3D/PhysicalBone3D_thumb_02/CollisionShape3D"]
transform = Transform3D(1, -7.45058e-09, 0, -1.86265e-08, 1, 0, 7.45058e-09, 2.98023e-08, 1, 0, 0, 0)
mesh = SubResource("CapsuleMesh_6peiy")
skeleton = NodePath("../..")

[node name="PhysicalBone3D_thumb_03" type="PhysicalBone3D" parent="Hand_dragon/metarig/Skeleton3D" index="1"]
transform = Transform3D(0.705063, 0.665359, 0.250141, 0.69156, -0.724864, -0.0347295, 0.157764, 0.197744, -0.968631, 0.705638, 1.21451, 0.00566117)
joint_offset = Transform3D(1, 0, 0, 0, 1, 0, 0, 0, 1, -2.96907e-05, -8.19527e-06, -4.65949e-05)
body_offset = Transform3D(1.00013, -0.00112847, -4.8086e-05, 0.000158181, 1.00361, 7.18087e-05, -0.000418976, -5.40912e-06, 1.00101, 2.96831e-05, 8.23289e-06, 4.66295e-05)
bone_name = "thumb.03.L"

[node name="CollisionShape3D" type="CollisionShape3D" parent="Hand_dragon/metarig/Skeleton3D/PhysicalBone3D_thumb_03"]
transform = Transform3D(1, 0, 0, 0, 1, 0, 0, 0, 1, 0, 0.001, 0)
shape = SubResource("CapsuleShape3D_mc853")

[node name="MeshInstance3D" type="MeshInstance3D" parent="Hand_dragon/metarig/Skeleton3D/PhysicalBone3D_thumb_03/CollisionShape3D"]
mesh = SubResource("CapsuleMesh_5401s")

[node name="PhysicalBone3D_index_01" type="PhysicalBone3D" parent="Hand_dragon/metarig/Skeleton3D" index="2"]
transform = Transform3D(0.163019, 0.563881, -0.809453, 0.0106177, -0.821438, -0.570032, -0.986596, 0.0844188, -0.13993, 0.746453, 1.24843, -0.00507838)
joint_offset = Transform3D(1, 0, 0, 0, 1, 0, 0, 0, 1, 1.02914e-05, 0.000153735, 0.000174708)
body_offset = Transform3D(1.00003, -5.81667e-05, 2.08765e-05, -2.74777e-05, 0.999924, -1.34502e-05, 2.51681e-05, 1.12848e-05, 0.999865, -1.02865e-05, -0.00015372, -0.000174686)
bone_name = "f_index.01.L"

[node name="CollisionShape3D" type="CollisionShape3D" parent="Hand_dragon/metarig/Skeleton3D/PhysicalBone3D_index_01"]
transform = Transform3D(1, 0, 0, 0, 1, 0, 0, 0, 1, 0, 0.023, 0)
shape = SubResource("CapsuleShape3D_m0w1o")

[node name="MeshInstance3D" type="MeshInstance3D" parent="Hand_dragon/metarig/Skeleton3D/PhysicalBone3D_index_01/CollisionShape3D"]
mesh = SubResource("CapsuleMesh_e451u")

[node name="PhysicalBone3D_index_02" type="PhysicalBone3D" parent="Hand_dragon/metarig/Skeleton3D" index="3"]
transform = Transform3D(0.148886, 0.432241, -0.88934, 0.00925574, -0.899898, -0.43585, -0.988888, 0.0567409, -0.138074, 0.771793, 1.21141, -0.00127428)
joint_offset = Transform3D(1, 0, 0, 0, 1, 0, 0, 0, 1, 2.45524e-05, 0.000189225, 8.823e-05)
body_offset = Transform3D(1.00008, -5.28544e-05, 7.16746e-05, -3.24398e-05, 0.999934, -8.19005e-06, 2.36779e-05, -1.38143e-05, 0.999978, -2.45506e-05, -0.000189211, -8.82261e-05)
bone_name = "f_index.02.L"

[node name="CollisionShape3D" type="CollisionShape3D" parent="Hand_dragon/metarig/Skeleton3D/PhysicalBone3D_index_02"]
transform = Transform3D(1, -7.45058e-09, -1.49012e-08, 3.72529e-09, 1, -4.65661e-09, 0, -1.11759e-08, 1, 0, 0.014, 0)
shape = SubResource("CapsuleShape3D_8qb4d")

[node name="MeshInstance3D" type="MeshInstance3D" parent="Hand_dragon/metarig/Skeleton3D/PhysicalBone3D_index_02/CollisionShape3D"]
mesh = SubResource("CapsuleMesh_3llv7")

[node name="PhysicalBone3D_index_03" type="PhysicalBone3D" parent="Hand_dragon/metarig/Skeleton3D" index="4"]
transform = Transform3D(-0.918675, 0.386118, 0.0824829, -0.393438, -0.912745, -0.10924, 0.0331203, -0.132775, 0.991028, 0.783976, 1.18597, 0.00030857)
joint_offset = Transform3D(0.874998, -0.216505, 0.43301, 0.433012, 0.749996, -0.499997, -0.216506, 0.624997, 0.749996, 4.63956e-05, 0.0001681, 1.233e-05)
joint_rotation = Vector3(0.523599, 0.523599, 0.523599)
body_offset = Transform3D(-0.162219, 0.114312, -0.980543, 0.172113, 0.981227, 0.0859879, 0.971554, -0.154746, -0.178925, 4.00469e-07, -0.00017399, -1.68569e-05)
bone_name = "f_index.03.L"

[node name="CollisionShape3D" type="CollisionShape3D" parent="Hand_dragon/metarig/Skeleton3D/PhysicalBone3D_index_03"]
transform = Transform3D(1, 2.98023e-08, 7.10543e-15, -2.98023e-08, 1, 1.42109e-14, 0, -2.84217e-14, 1, 0, 0.009, 0)
shape = SubResource("CapsuleShape3D_8nmwt")

[node name="MeshInstance3D" type="MeshInstance3D" parent="Hand_dragon/metarig/Skeleton3D/PhysicalBone3D_index_03/CollisionShape3D"]
mesh = SubResource("CapsuleMesh_nduom")

[node name="PhysicalBone3D_middle_01" type="PhysicalBone3D" parent="Hand_dragon/metarig/Skeleton3D" index="5"]
transform = Transform3D(0.113312, 0.492522, -0.862913, -0.0350897, -0.865957, -0.498902, -0.992996, 0.0867851, -0.0808679, 0.751829, 1.24877, -0.0277029)
joint_offset = Transform3D(1, 0, 0, 0, 1, 1.88593e-08, 0, -1.88593e-08, 1, -3.89677e-06, 4.25355e-05, 5.71365e-05)
joint_rotation = Vector3(-1.88593e-08, 0, 0)
body_offset = Transform3D(1.00006, 1.21444e-05, 2.93478e-05, 5.43892e-06, 0.999996, 1.58278e-06, 5.96046e-08, 4.36557e-06, 1.00003, 3.89479e-06, -4.25354e-05, -5.71385e-05)
bone_name = "f_middle.01.L"

[node name="CollisionShape3D" type="CollisionShape3D" parent="Hand_dragon/metarig/Skeleton3D/PhysicalBone3D_middle_01"]
transform = Transform3D(1, 0, 0, 0, 1, 0, 0, 0, 1, 0, 0.025, 0)
shape = SubResource("CapsuleShape3D_shmdg")

[node name="MeshInstance3D" type="MeshInstance3D" parent="Hand_dragon/metarig/Skeleton3D/PhysicalBone3D_middle_01/CollisionShape3D"]
mesh = SubResource("CapsuleMesh_y3jsg")

[node name="PhysicalBone3D_middle_02" type="PhysicalBone3D" parent="Hand_dragon/metarig/Skeleton3D" index="6"]
transform = Transform3D(0.035782, 0.276388, -0.960223, -0.0414099, -0.959631, -0.277813, -0.998207, 0.0496906, -0.0228557, 0.776258, 1.20588, -0.0233731)
joint_offset = Transform3D(1, 0, 0, 0, 1, 0, 0, 0, 1, 2.81355e-05, 6.02968e-05, 7.8744e-05)
body_offset = Transform3D(0.999706, -1.24425e-06, -3.93204e-05, 2.77348e-05, 0.999876, 5.87942e-05, -4.11645e-07, 1.00528e-05, 0.999866, -2.81241e-05, -6.02948e-05, -7.8734e-05)
bone_name = "f_middle.02.L"

[node name="CollisionShape3D" type="CollisionShape3D" parent="Hand_dragon/metarig/Skeleton3D/PhysicalBone3D_middle_02"]
transform = Transform3D(1, 0, 0, 0, 1, 0, 0, 0, 1, 0, 0.018, 0)
shape = SubResource("CapsuleShape3D_l27um")

[node name="MeshInstance3D" type="MeshInstance3D" parent="Hand_dragon/metarig/Skeleton3D/PhysicalBone3D_middle_02/CollisionShape3D"]
mesh = SubResource("CapsuleMesh_lipi4")

[node name="PhysicalBone3D_middle_03" type="PhysicalBone3D" parent="Hand_dragon/metarig/Skeleton3D" index="7"]
transform = Transform3D(-0.0121773, 0.162955, -0.986545, -0.0109483, -0.98659, -0.162834, -1, 0.00879174, 0.0138029, 0.785154, 1.17498, -0.0218096)
joint_offset = Transform3D(1, 0, 0, 0, 1, 0, 0, 0, 1, -8.06903e-06, 7.0725e-05, 6.6735e-05)
body_offset = Transform3D(1.00013, 1.72853e-05, -1.32807e-06, 8.12858e-06, 0.999996, 5.61522e-07, -5.30854e-06, 8.36047e-06, 0.999988, 8.06898e-06, -7.07246e-05, -6.67349e-05)
bone_name = "f_middle.03.L"

[node name="CollisionShape3D" type="CollisionShape3D" parent="Hand_dragon/metarig/Skeleton3D/PhysicalBone3D_middle_03"]
transform = Transform3D(1, 0, 0, 0, 1, 0, 0, 0, 1, 0, 0.01, 0)
shape = SubResource("CapsuleShape3D_buf6g")

[node name="MeshInstance3D" type="MeshInstance3D" parent="Hand_dragon/metarig/Skeleton3D/PhysicalBone3D_middle_03/CollisionShape3D"]
mesh = SubResource("CapsuleMesh_pi0il")

[node name="PhysicalBone3D_ring_01" type="PhysicalBone3D" parent="Hand_dragon/metarig/Skeleton3D" index="8"]
transform = Transform3D(-0.0137078, 0.390474, -0.920507, -0.0591197, -0.919315, -0.389073, -0.998141, 0.0490907, 0.0356899, 0.754015, 1.24822, -0.0520992)
joint_offset = Transform3D(1, 0, 0, 0, 1, 0, 0, 0, 1, 2.40292e-06, 1.51993e-05, 2.27094e-05)
body_offset = Transform3D(0.999984, -1.01328e-06, -2.21655e-06, -1.3262e-06, 1.00001, -1.12804e-05, -1.32248e-06, 9.94175e-06, 0.999992, -2.40281e-06, -1.51992e-05, -2.27094e-05)
bone_name = "f_ring.01.L"

[node name="CollisionShape3D" type="CollisionShape3D" parent="Hand_dragon/metarig/Skeleton3D/PhysicalBone3D_ring_01"]
transform = Transform3D(1, 0, 0, 0, 1, 0, 0, 0, 1, 0, 0.023, 0)
shape = SubResource("CapsuleShape3D_r1d4e")

[node name="MeshInstance3D" type="MeshInstance3D" parent="Hand_dragon/metarig/Skeleton3D/PhysicalBone3D_ring_01/CollisionShape3D"]
mesh = SubResource("CapsuleMesh_sf0e8")

[node name="PhysicalBone3D_ring_02" type="PhysicalBone3D" parent="Hand_dragon/metarig/Skeleton3D" index="9"]
transform = Transform3D(-0.066477, 0.248378, -0.966324, -0.0332391, -0.96844, -0.246688, -0.997223, 0.0157142, 0.0726453, 0.771495, 1.20701, -0.0498999)
joint_offset = Transform3D(1, 0, 0, 0, 1, 0, 0, 0, 1, -7.34717e-11, 9.16696e-06, -2.83524e-06)
body_offset = Transform3D(0.999989, 8.44337e-06, 1.38581e-06, -3.74392e-07, 0.999907, 1.07626e-05, -7.06315e-06, 1.92784e-05, 0.999957, 0, -9.16608e-06, 2.83495e-06)
bone_name = "f_ring.02.L"

[node name="CollisionShape3D" type="CollisionShape3D" parent="Hand_dragon/metarig/Skeleton3D/PhysicalBone3D_ring_02"]
transform = Transform3D(1, 0, 0, 0, 1, 0, 0, 0, 1, 0, 0.016, 0)
shape = SubResource("CapsuleShape3D_iegmi")

[node name="MeshInstance3D" type="MeshInstance3D" parent="Hand_dragon/metarig/Skeleton3D/PhysicalBone3D_ring_02/CollisionShape3D"]
mesh = SubResource("CapsuleMesh_1d126")

[node name="PhysicalBone3D_ring_03" type="PhysicalBone3D" parent="Hand_dragon/metarig/Skeleton3D" index="10"]
transform = Transform3D(-0.155032, -0.0700718, -0.985428, 0.0322446, -0.997287, 0.0658584, -0.987414, -0.0215597, 0.156871, 0.779404, 1.17618, -0.0494005)
joint_offset = Transform3D(1, 0, 0, 0, 1, 0, 0, 0, 1, 6.55564e-07, -1.65742e-05, 5.01784e-06)
body_offset = Transform3D(1.00003, -4.16674e-06, -2.83122e-07, -1.24425e-06, 0.999978, -5.25825e-06, 4.47035e-08, -5.80889e-06, 1.00001, -6.55651e-07, 1.65738e-05, -5.01797e-06)
bone_name = "f_ring.03.L"

[node name="CollisionShape3D" type="CollisionShape3D" parent="Hand_dragon/metarig/Skeleton3D/PhysicalBone3D_ring_03"]
transform = Transform3D(1, 0, 0, 0, 1, 0, 0, 0, 1, 0, 0.009, 0)
shape = SubResource("CapsuleShape3D_wqepf")

[node name="MeshInstance3D" type="MeshInstance3D" parent="Hand_dragon/metarig/Skeleton3D/PhysicalBone3D_ring_03/CollisionShape3D"]
mesh = SubResource("CapsuleMesh_mgpft")

[node name="PhysicalBone3D_pinky_01" type="PhysicalBone3D" parent="Hand_dragon/metarig/Skeleton3D" index="11"]
transform = Transform3D(-0.179567, 0.218798, -0.959113, -0.0330399, -0.97571, -0.216433, -0.98316, -0.00670914, 0.182507, 0.752813, 1.24282, -0.0763004)
joint_offset = Transform3D(1, 0, 0, 0, 1, 0, 0, 0, 1, 2.84905e-06, 2.07991e-05, 1.82476e-05)
body_offset = Transform3D(0.99997, -0.000453698, -4.68045e-05, -1.67731e-06, 0.999963, -3.49933e-06, -1.06245e-05, 0.000103417, 1.00003, -2.83867e-06, -2.07983e-05, -1.82502e-05)
bone_name = "f_pinky.01.L"

[node name="CollisionShape3D" type="CollisionShape3D" parent="Hand_dragon/metarig/Skeleton3D/PhysicalBone3D_pinky_01"]
transform = Transform3D(1, 0, 0, 0, 1, 0, 0, 0, 1, 0, 0.014, 0)
shape = SubResource("CapsuleShape3D_wqtpk")

[node name="MeshInstance3D" type="MeshInstance3D" parent="Hand_dragon/metarig/Skeleton3D/PhysicalBone3D_pinky_01/CollisionShape3D"]
mesh = SubResource("CapsuleMesh_s8jte")

[node name="PhysicalBone3D_pinky_02" type="PhysicalBone3D" parent="Hand_dragon/metarig/Skeleton3D" index="12"]
transform = Transform3D(-0.205974, 0.127703, -0.970049, -0.00481974, -0.990073, -0.130146, -0.978576, -0.0214689, 0.204834, 0.758898, 1.21561, -0.0765005)
joint_offset = Transform3D(1, 0, 0, 0, 1, 0, 0, 0, 1, -7.84822e-07, 9.468e-06, -5.08548e-07)
body_offset = Transform3D(1.00003, -0.000519283, -1.47521e-06, -3.23914e-06, 0.998505, -1.23205e-05, -1.25915e-05, 0.000591103, 0.999945, 7.89762e-07, -9.45386e-06, 5.02914e-07)
bone_name = "f_pinky.02.L"

[node name="CollisionShape3D" type="CollisionShape3D" parent="Hand_dragon/metarig/Skeleton3D/PhysicalBone3D_pinky_02"]
transform = Transform3D(1, 0, 0, 0, 1, 0, 0, 0, 1, 0, 0.011, 0)
shape = SubResource("CapsuleShape3D_0io8n")

[node name="MeshInstance3D" type="MeshInstance3D" parent="Hand_dragon/metarig/Skeleton3D/PhysicalBone3D_pinky_02/CollisionShape3D"]
mesh = SubResource("CapsuleMesh_madvo")

[node name="PhysicalBone3D_pinky_03" type="PhysicalBone3D" parent="Hand_dragon/metarig/Skeleton3D" index="13"]
transform = Transform3D(-0.236676, -0.0464468, -0.970509, 0.0239817, -0.998228, 0.0421419, -0.971715, -0.0134084, 0.237437, 0.761807, 1.19318, -0.0770009)
joint_offset = Transform3D(1, 0, 0, 0, 1, 0, 0, 0, 1, 1.21513e-06, -1.79181e-05, 7.73448e-06)
body_offset = Transform3D(1.00041, 6.32992e-05, -7.01845e-06, 1.95084e-05, 0.999398, -1.70844e-05, -8.21054e-06, -0.000156325, 1.00002, -1.21444e-06, 1.79075e-05, -7.73743e-06)
bone_name = "f_pinky.03.L"

[node name="CollisionShape3D" type="CollisionShape3D" parent="Hand_dragon/metarig/Skeleton3D/PhysicalBone3D_pinky_03"]
transform = Transform3D(1, 0, 0, 0, 1, 0, 0, 0, 1, 0, 0.008, 0)
shape = SubResource("CapsuleShape3D_kiewy")

[node name="MeshInstance3D" type="MeshInstance3D" parent="Hand_dragon/metarig/Skeleton3D/PhysicalBone3D_pinky_03/CollisionShape3D"]
mesh = SubResource("CapsuleMesh_e4cko")

[node name="PhysicalBone3D_hand" type="PhysicalBone3D" parent="Hand_dragon/metarig/Skeleton3D" index="14"]
transform = Transform3D(-0.596797, 0.798416, -0.0804831, -0.802418, -0.593827, 0.0598646, -0.000101935, 0.099806, 1.0001, 0.659407, 1.30612, -0.0491994)
joint_offset = Transform3D(1, 0, 0, 0, 1, 0, 0, 0, 1, 1.70149e-05, 3.88924e-06, -1.02148e-06)
body_offset = Transform3D(1.00002, 3.81709e-06, -1.86037e-05, -8.7054e-06, 1.00003, 4.14252e-06, -8.72712e-05, 3.73274e-06, 1.00512, -1.70153e-05, -3.8892e-06, 1.02818e-06)
bone_name = "hand.L"

[node name="CollisionShape3D_hand" type="CollisionShape3D" parent="Hand_dragon/metarig/Skeleton3D/PhysicalBone3D_hand"]

[node name="MeshInstance3D_hand" type="MeshInstance3D" parent="Hand_dragon/metarig/Skeleton3D/PhysicalBone3D_hand/CollisionShape3D_hand"]
transform = Transform3D(1, -1.44624e-08, -9.83164e-10, -1.29303e-08, 1, 1.49012e-08, 4.27463e-11, 0, 1, 0, 0, 0)
skeleton = NodePath("../..")

[editable path="Hand_dragon"]
