[gd_scene load_steps=30 format=3 uid="uid://blj5mobln11uq"]

[ext_resource type="PackedScene" uid="uid://c7hfm2s3aepu3" path="res://Assets/Hand/Hand.glb" id="1_fqiam"]

[sub_resource type="CapsuleShape3D" id="CapsuleShape3D_v8lc0"]
radius = 0.003
height = 0.03

[sub_resource type="CapsuleMesh" id="CapsuleMesh_6peiy"]
radius = 0.005
height = 0.03

[sub_resource type="CapsuleShape3D" id="CapsuleShape3D_mc853"]
radius = 0.003
height = 0.015

[sub_resource type="CapsuleMesh" id="CapsuleMesh_5401s"]
radius = 0.005
height = 0.015

[sub_resource type="CapsuleShape3D" id="CapsuleShape3D_m0w1o"]
radius = 0.003
height = 0.045

[sub_resource type="CapsuleMesh" id="CapsuleMesh_e451u"]
radius = 0.005
height = 0.045

[sub_resource type="CapsuleShape3D" id="CapsuleShape3D_8qb4d"]
radius = 0.003
height = 0.028

[sub_resource type="CapsuleMesh" id="CapsuleMesh_3llv7"]
radius = 0.005
height = 0.028

[sub_resource type="CapsuleShape3D" id="CapsuleShape3D_8nmwt"]
radius = 0.005
height = 0.018

[sub_resource type="CapsuleMesh" id="CapsuleMesh_nduom"]
radius = 0.005
height = 0.018

[sub_resource type="CapsuleShape3D" id="CapsuleShape3D_shmdg"]
radius = 0.005
height = 0.05

[sub_resource type="CapsuleMesh" id="CapsuleMesh_y3jsg"]
radius = 0.005
height = 0.05

[sub_resource type="CapsuleShape3D" id="CapsuleShape3D_l27um"]
radius = 0.005
height = 0.036

[sub_resource type="CapsuleMesh" id="CapsuleMesh_lipi4"]
radius = 0.005
height = 0.036

[sub_resource type="CapsuleShape3D" id="CapsuleShape3D_buf6g"]
radius = 0.005
height = 0.02

[sub_resource type="CapsuleMesh" id="CapsuleMesh_pi0il"]
radius = 0.005
height = 0.02

[sub_resource type="CapsuleShape3D" id="CapsuleShape3D_r1d4e"]
radius = 0.005
height = 0.045

[sub_resource type="CapsuleMesh" id="CapsuleMesh_sf0e8"]
radius = 0.005
height = 0.045

[sub_resource type="CapsuleShape3D" id="CapsuleShape3D_iegmi"]
radius = 0.005
height = 0.032

[sub_resource type="CapsuleMesh" id="CapsuleMesh_1d126"]
radius = 0.005
height = 0.032

[sub_resource type="CapsuleShape3D" id="CapsuleShape3D_wqepf"]
radius = 0.005
height = 0.018

[sub_resource type="CapsuleMesh" id="CapsuleMesh_mgpft"]
radius = 0.005
height = 0.018

[sub_resource type="CapsuleShape3D" id="CapsuleShape3D_wqtpk"]
radius = 0.005
height = 0.028

[sub_resource type="CapsuleMesh" id="CapsuleMesh_s8jte"]
radius = 0.005
height = 0.028

[sub_resource type="CapsuleShape3D" id="CapsuleShape3D_0io8n"]
radius = 0.005
height = 0.022

[sub_resource type="CapsuleMesh" id="CapsuleMesh_madvo"]
radius = 0.005
height = 0.022

[sub_resource type="CapsuleShape3D" id="CapsuleShape3D_kiewy"]
radius = 0.005
height = 0.016

[sub_resource type="CapsuleMesh" id="CapsuleMesh_e4cko"]
radius = 0.005
height = 0.016

[node name="Node3D" type="Node3D"]

[node name="Hand" parent="." instance=ExtResource("1_fqiam")]

[node name="Skeleton3D" parent="Hand/metarig" index="0"]
transform = Transform3D(1, 0, 0, 0, 1, 0, 0, 0, 1, 0, 0, 0.271721)
bones/8/position = Vector3(3.09079e-08, 0.069626, -1.18493e-08)
bones/8/rotation = Quaternion(0.162856, 0.0267044, -0.00144252, 0.986287)
bones/8/scale = Vector3(1, 1, 1)
bones/11/position = Vector3(-0.00350635, -0.00832418, 0.0243584)
bones/11/rotation = Quaternion(0.022001, 0.734934, 0.162534, 0.658005)
bones/11/scale = Vector3(1, 1, 1)
bones/12/position = Vector3(-5.20395e-08, 0.0417446, -2.00845e-08)
bones/12/rotation = Quaternion(0.541301, 0.0340074, 0.019586, 0.839913)
bones/12/scale = Vector3(1, 1, 1)
bones/13/position = Vector3(9.52451e-09, 0.0334464, -7.88772e-09)
bones/13/rotation = Quaternion(0.304798, 0.0746717, 0.0135061, 0.949389)
bones/13/scale = Vector3(1, 1, 1)
bones/15/position = Vector3(-1.58484e-08, 0.068187, -1.10695e-07)
bones/15/rotation = Quaternion(0.218425, 0.0206936, -0.100856, 0.970407)
bones/15/scale = Vector3(1, 1, 1)
bones/19/rotation = Quaternion(0.61271, -0.0241367, -0.0172323, 0.789751)
bones/19/scale = Vector3(1, 1, 1)
bones/20/rotation = Quaternion(0.633578, -0.0348686, -0.0472994, 0.771444)
bones/20/scale = Vector3(1, 1, 1)
bones/21/position = Vector3(2.35828e-08, 0.0318007, 6.16782e-08)
bones/21/rotation = Quaternion(0.637216, -0.0305894, -0.0880664, 0.765025)
bones/21/scale = Vector3(1, 1, 1)
bones/23/position = Vector3(4.04287e-09, 0.0748022, -1.44569e-07)
bones/23/rotation = Quaternion(0.678188, -0.0305126, -0.0356409, 0.733389)
bones/23/scale = Vector3(1, 1, 1)
bones/24/position = Vector3(-1.79029e-08, 0.0278762, -4.38519e-08)
bones/24/rotation = Quaternion(0.593034, -0.000221475, -0.123148, 0.795704)
bones/24/scale = Vector3(1, 1, 1)
bones/25/position = Vector3(4.67363e-08, 0.0225925, 5.40972e-08)
bones/25/rotation = Quaternion(0.722113, 0.00188533, -0.160749, 0.672837)
bones/25/scale = Vector3(1, 1, 1)

[node name="PhysicalBone3D_thumb_02" type="PhysicalBone3D" parent="Hand/metarig/Skeleton3D" index="0"]
transform = Transform3D(0.751643, 0.604384, -0.26418, 0.604996, -0.472153, 0.641153, 0.262773, -0.641735, -0.720523, 0.693145, 1.24313, -0.00438898)
joint_offset = Transform3D(1, -7.45058e-09, -2.22045e-16, 7.45058e-09, 1, 0, 2.22045e-16, -1.65436e-24, 1, -2.75974e-05, 1.85896e-06, -2.59298e-06)
joint_rotation = Vector3(0, -2.22045e-16, 7.45058e-09)
body_offset = Transform3D(1.00002, -2.90573e-06, -1.49012e-07, 2.63751e-06, 1.00002, -2.5034e-06, -7.58469e-06, -1.60933e-06, 1.00001, 2.75979e-05, -1.85892e-06, 2.5928e-06)
bone_name = "thumb.02.L"

[node name="CollisionShape3D" type="CollisionShape3D" parent="Hand/metarig/Skeleton3D/PhysicalBone3D_thumb_02"]
transform = Transform3D(1, 0, 0, 0, 1, 0, 0, 0, 1, 0, 0.015, 0)
shape = SubResource("CapsuleShape3D_v8lc0")

[node name="MeshInstance3D" type="MeshInstance3D" parent="Hand/metarig/Skeleton3D/PhysicalBone3D_thumb_02/CollisionShape3D"]
transform = Transform3D(1, -7.45058e-09, 0, -1.86265e-08, 1, 0, 7.45058e-09, 2.98023e-08, 1, 0, 0, 0)
mesh = SubResource("CapsuleMesh_6peiy")
skeleton = NodePath("../..")

[node name="PhysicalBone3D_thumb_03" type="PhysicalBone3D" parent="Hand/metarig/Skeleton3D" index="1"]
transform = Transform3D(0.821595, 0.353376, -0.44795, 0.478488, 0.000130892, 0.877929, 0.310252, -0.935482, -0.169091, 0.713351, 1.22734, -0.0258646)
joint_offset = Transform3D(1, 0, 0, 0, 1, 0, 0, 0, 1, -1.50541e-05, -9.20648e-06, -1.04072e-05)
body_offset = Transform3D(1.00011, -2.68221e-07, -1.6056e-06, 0.000159591, 1, 2.39909e-06, -0.000414897, -7.59959e-07, 1, 1.50558e-05, 9.20892e-06, 1.0401e-05)
bone_name = "thumb.03.L"

[node name="CollisionShape3D" type="CollisionShape3D" parent="Hand/metarig/Skeleton3D/PhysicalBone3D_thumb_03"]
transform = Transform3D(1, 0, 0, 0, 1, 0, 0, 0, 1, 0, 0.001, 0)
shape = SubResource("CapsuleShape3D_mc853")

[node name="MeshInstance3D" type="MeshInstance3D" parent="Hand/metarig/Skeleton3D/PhysicalBone3D_thumb_03/CollisionShape3D"]
mesh = SubResource("CapsuleMesh_5401s")

[node name="PhysicalBone3D_index_01" type="PhysicalBone3D" parent="Hand/metarig/Skeleton3D" index="2"]
transform = Transform3D(0.243907, 0.551336, -0.797842, -0.0964421, -0.804816, -0.585652, -0.964991, 0.219791, -0.143128, 0.74642, 1.2482, -0.00509889)
joint_offset = Transform3D(1, 0, 0, 0, 1, 0, 0, 0, 1, -3.58374e-06, -1.01402e-05, 1.64731e-05)
body_offset = Transform3D(1, -3.76999e-06, -1.81794e-06, 1.93715e-07, 1, -2.49967e-06, 8.34465e-07, 7.30902e-06, 1.00001, 3.58373e-06, 1.01402e-05, -1.64732e-05)
bone_name = "f_index.01.L"

[node name="CollisionShape3D" type="CollisionShape3D" parent="Hand/metarig/Skeleton3D/PhysicalBone3D_index_01"]
transform = Transform3D(1, 0, 0, 0, 1, 0, 0, 0, 1, 0, 0.023, 0)
shape = SubResource("CapsuleShape3D_m0w1o")

[node name="MeshInstance3D" type="MeshInstance3D" parent="Hand/metarig/Skeleton3D/PhysicalBone3D_index_01/CollisionShape3D"]
mesh = SubResource("CapsuleMesh_e451u")

[node name="PhysicalBone3D_index_02" type="PhysicalBone3D" parent="Hand/metarig/Skeleton3D" index="3"]
transform = Transform3D(0.229996, 0.42205, -0.876932, -0.0981157, -0.886451, -0.452354, -0.968234, 0.19009, -0.162466, 0.77125, 1.21196, 0.00480058)
joint_offset = Transform3D(1, 0, 0, 0, 1, 0, 0, 0, 1, -2.27615e-06, -3.41222e-06, 1.80599e-05)
body_offset = Transform3D(1, -7.53999e-06, -1.63913e-06, 7.45058e-07, 1.00003, -2.92622e-06, -1.47521e-06, 1.03936e-06, 1.00001, 2.27615e-06, 3.41237e-06, -1.80602e-05)
bone_name = "f_index.02.L"

[node name="CollisionShape3D" type="CollisionShape3D" parent="Hand/metarig/Skeleton3D/PhysicalBone3D_index_02"]
transform = Transform3D(1, -7.45058e-09, -1.49012e-08, 3.72529e-09, 1, -4.65661e-09, 0, -1.11759e-08, 1, 0, 0.014, 0)
shape = SubResource("CapsuleShape3D_8qb4d")

[node name="MeshInstance3D" type="MeshInstance3D" parent="Hand/metarig/Skeleton3D/PhysicalBone3D_index_02/CollisionShape3D"]
mesh = SubResource("CapsuleMesh_3llv7")

[node name="PhysicalBone3D_index_03" type="PhysicalBone3D" parent="Hand/metarig/Skeleton3D" index="4"]
transform = Transform3D(0.194039, 0.225959, -0.954627, -0.0416369, -0.970356, -0.238142, -0.980113, 0.0859546, -0.178876, 0.783162, 1.18694, 0.0101644)
joint_offset = Transform3D(1, 0, 0, 0, 1, 0, 0, 0, 1, -2.75671e-06, 2.60772e-06, 1.93862e-05)
body_offset = Transform3D(1, 2.51085e-06, -1.49012e-08, -3.72529e-07, 1.00002, -3.23076e-06, -1.02818e-06, 3.44496e-06, 1.00001, 2.75671e-06, -2.6077e-06, -1.93864e-05)
bone_name = "f_index.03.L"

[node name="CollisionShape3D" type="CollisionShape3D" parent="Hand/metarig/Skeleton3D/PhysicalBone3D_index_03"]
transform = Transform3D(1, 0, 0, 0, 1, 0, 0, 0, 1, 0, 0.009, 0)
shape = SubResource("CapsuleShape3D_8nmwt")

[node name="MeshInstance3D" type="MeshInstance3D" parent="Hand/metarig/Skeleton3D/PhysicalBone3D_index_03/CollisionShape3D"]
mesh = SubResource("CapsuleMesh_nduom")

[node name="PhysicalBone3D_middle_01" type="PhysicalBone3D" parent="Hand/metarig/Skeleton3D" index="5"]
transform = Transform3D(0.0273654, 0.493909, -0.869104, 0.0786968, -0.867798, -0.490687, -0.996529, -0.0549713, -0.0626141, 0.751817, 1.24871, -0.0277225)
joint_offset = Transform3D(1, 0, 0, 0, 1, 0, 0, 0, 1, -2.37933e-05, 9.68644e-07, 1.91774e-05)
body_offset = Transform3D(1.00001, 1.60933e-06, -3.1665e-07, 1.95205e-06, 1.00002, -2.17697e-06, -1.84402e-06, 3.10922e-06, 1.00002, 2.37934e-05, -9.68575e-07, -1.91778e-05)
bone_name = "f_middle.01.L"

[node name="CollisionShape3D" type="CollisionShape3D" parent="Hand/metarig/Skeleton3D/PhysicalBone3D_middle_01"]
transform = Transform3D(1, 0, 0, 0, 1, 0, 0, 0, 1, 0, 0.025, 0)
shape = SubResource("CapsuleShape3D_shmdg")

[node name="MeshInstance3D" type="MeshInstance3D" parent="Hand/metarig/Skeleton3D/PhysicalBone3D_middle_01/CollisionShape3D"]
mesh = SubResource("CapsuleMesh_y3jsg")

[node name="PhysicalBone3D_middle_02" type="PhysicalBone3D" parent="Hand/metarig/Skeleton3D" index="6"]
transform = Transform3D(-0.050377, 0.274963, -0.960144, 0.0726771, -0.957813, -0.278106, -0.996082, -0.0837924, 0.0282729, 0.776289, 1.20572, -0.0304246)
joint_offset = Transform3D(1, 0, 0, 0, 1, 0, 0, 0, 1, -9.79644e-07, 2.14573e-06, 2.24037e-05)
body_offset = Transform3D(1, 9.61125e-07, -4.90434e-06, 2.83122e-07, 1.00002, 2.95229e-07, -5.58794e-09, 1.16415e-09, 1.00001, 9.79751e-07, -2.14577e-06, -2.24039e-05)
bone_name = "f_middle.02.L"

[node name="CollisionShape3D" type="CollisionShape3D" parent="Hand/metarig/Skeleton3D/PhysicalBone3D_middle_02"]
transform = Transform3D(1, 0, 0, 0, 1, 0, 0, 0, 1, 0, 0.018, 0)
shape = SubResource("CapsuleShape3D_l27um")

[node name="MeshInstance3D" type="MeshInstance3D" parent="Hand/metarig/Skeleton3D/PhysicalBone3D_middle_02/CollisionShape3D"]
mesh = SubResource("CapsuleMesh_lipi4")

[node name="PhysicalBone3D_middle_03" type="PhysicalBone3D" parent="Hand/metarig/Skeleton3D" index="7"]
transform = Transform3D(-0.0981334, 0.158262, -0.98252, 0.102855, -0.980382, -0.168194, -0.98985, -0.117561, 0.0799286, 0.785135, 1.17488, -0.0331228)
joint_offset = Transform3D(1, 0, 0, 0, 1, 0, 0, 0, 1, -9.05259e-07, 1.54975e-06, 1.48265e-05)
body_offset = Transform3D(1.00001, -9.0152e-07, 1.36346e-06, 3.65078e-07, 1.00001, -3.04915e-06, -3.57628e-07, 5.89807e-06, 1.00001, 9.05246e-07, -1.54972e-06, -1.48267e-05)
bone_name = "f_middle.03.L"

[node name="CollisionShape3D" type="CollisionShape3D" parent="Hand/metarig/Skeleton3D/PhysicalBone3D_middle_03"]
transform = Transform3D(1, 0, 0, 0, 1, 0, 0, 0, 1, 0, 0.01, 0)
shape = SubResource("CapsuleShape3D_buf6g")

[node name="MeshInstance3D" type="MeshInstance3D" parent="Hand/metarig/Skeleton3D/PhysicalBone3D_middle_03/CollisionShape3D"]
mesh = SubResource("CapsuleMesh_pi0il")

[node name="PhysicalBone3D_ring_01" type="PhysicalBone3D" parent="Hand/metarig/Skeleton3D" index="8"]
transform = Transform3D(-0.0502772, -0.339511, -0.93927, -0.0339906, -0.93933, 0.341344, -0.998157, 0.0490885, 0.0356828, 0.754017, 1.24819, -0.0521)
joint_offset = Transform3D(1, 0, 0, 0, 1, 0, 0, 0, 1, 6.11073e-07, -1.97625e-06, 1.87604e-05)
body_offset = Transform3D(1, 9.574e-07, 5.8189e-06, -9.20147e-07, 1.00001, 1.69966e-07, -1.56462e-06, 8.66049e-06, 1.00001, -6.1118e-07, 1.97627e-06, -1.87606e-05)
bone_name = "f_ring.01.L"

[node name="CollisionShape3D" type="CollisionShape3D" parent="Hand/metarig/Skeleton3D/PhysicalBone3D_ring_01"]
transform = Transform3D(1, 0, 0, 0, 1, 0, 0, 0, 1, 0, 0.023, 0)
shape = SubResource("CapsuleShape3D_r1d4e")

[node name="MeshInstance3D" type="MeshInstance3D" parent="Hand/metarig/Skeleton3D/PhysicalBone3D_ring_01/CollisionShape3D"]
mesh = SubResource("CapsuleMesh_sf0e8")

[node name="PhysicalBone3D_ring_02" type="PhysicalBone3D" parent="Hand/metarig/Skeleton3D" index="9"]
transform = Transform3D(-0.00439082, -0.988021, 0.153561, 0.0742013, 0.152812, 0.98545, -0.99721, 0.0157135, 0.0726438, 0.738788, 1.20609, -0.0499003)
joint_offset = Transform3D(1, 0, 0, 0, 1, 0, 0, 0, 1, 6.85372e-07, 5.37974e-06, 1.25172e-05)
body_offset = Transform3D(0.999976, 6.99237e-06, 4.76092e-06, 3.59491e-07, 0.999892, 1.23059e-05, 1.45286e-06, -3.63495e-06, 0.999985, -6.85453e-07, -5.37932e-06, -1.2517e-05)
bone_name = "f_ring.02.L"

[node name="CollisionShape3D" type="CollisionShape3D" parent="Hand/metarig/Skeleton3D/PhysicalBone3D_ring_02"]
transform = Transform3D(1, 0, 0, 0, 1, 0, 0, 0, 1, 0, 0.016, 0)
shape = SubResource("CapsuleShape3D_iegmi")

[node name="MeshInstance3D" type="MeshInstance3D" parent="Hand/metarig/Skeleton3D/PhysicalBone3D_ring_02/CollisionShape3D"]
mesh = SubResource("CapsuleMesh_1d126")

[node name="PhysicalBone3D_ring_03" type="PhysicalBone3D" parent="Hand/metarig/Skeleton3D" index="10"]
transform = Transform3D(0.157307, -0.0202092, 0.987354, -0.0181203, 0.99956, 0.0233518, -0.987401, -0.0215623, 0.156871, 0.707348, 1.21096, -0.0494004)
joint_offset = Transform3D(1, 0, 0, 0, 1, 0, 0, 0, 1, 1.8193e-06, -4.694e-07, 1.39026e-05)
body_offset = Transform3D(1.00002, -6.63102e-07, 4.32134e-07, -1.75089e-07, 0.999997, 8.63802e-07, 2.98023e-08, 4.62914e-06, 1.00001, -1.81934e-06, 4.69387e-07, -1.39028e-05)
bone_name = "f_ring.03.L"

[node name="CollisionShape3D" type="CollisionShape3D" parent="Hand/metarig/Skeleton3D/PhysicalBone3D_ring_03"]
transform = Transform3D(1, 0, 0, 0, 1, 0, 0, 0, 1, 0, 0.009, 0)
shape = SubResource("CapsuleShape3D_wqepf")

[node name="MeshInstance3D" type="MeshInstance3D" parent="Hand/metarig/Skeleton3D/PhysicalBone3D_ring_03/CollisionShape3D"]
mesh = SubResource("CapsuleMesh_mgpft")

[node name="PhysicalBone3D_pinky_01" type="PhysicalBone3D" parent="Hand/metarig/Skeleton3D" index="11"]
transform = Transform3D(-0.150902, -0.53073, -0.834019, 0.102818, -0.847533, 0.520715, -0.983191, -0.00717507, 0.182459, 0.752818, 1.24279, -0.0763003)
joint_offset = Transform3D(1, 0, 0, 0, 1, 0, 0, 0, 1, 3.07335e-06, 3.8458e-06, 1.84399e-05)
body_offset = Transform3D(1, 1.64378e-06, -3.8743e-07, -6.75675e-07, 1.00002, 1.43913e-06, 1.80304e-06, 5.82892e-06, 1.00001, -3.07336e-06, -3.8459e-06, -1.84402e-05)
bone_name = "f_pinky.01.L"

[node name="CollisionShape3D" type="CollisionShape3D" parent="Hand/metarig/Skeleton3D/PhysicalBone3D_pinky_01"]
transform = Transform3D(1, 0, 0, 0, 1, 0, 0, 0, 1, 0, 0.014, 0)
shape = SubResource("CapsuleShape3D_wqtpk")

[node name="MeshInstance3D" type="MeshInstance3D" parent="Hand/metarig/Skeleton3D/PhysicalBone3D_pinky_01/CollisionShape3D"]
mesh = SubResource("CapsuleMesh_s8jte")

[node name="PhysicalBone3D_pinky_02" type="PhysicalBone3D" parent="Hand/metarig/Skeleton3D" index="12"]
transform = Transform3D(0.07935, -0.958012, 0.275553, 0.190144, 0.285895, 0.939212, -0.978567, -0.0221355, 0.204846, 0.738006, 1.21916, -0.0765005)
joint_offset = Transform3D(1, 0, 0, 0, 1, 0, 0, 0, 1, 2.81159e-06, 5.54325e-06, 1.65775e-05)
body_offset = Transform3D(1.00002, 4.59142e-06, -7.15256e-07, -6.1281e-07, 1.00001, -3.24519e-06, -4.14252e-06, 2.20584e-06, 1.00001, -2.81166e-06, -5.54323e-06, -1.65775e-05)
bone_name = "f_pinky.02.L"

[node name="CollisionShape3D" type="CollisionShape3D" parent="Hand/metarig/Skeleton3D/PhysicalBone3D_pinky_02"]
transform = Transform3D(1, 0, 0, 0, 1, 0, 0, 0, 1, 0, 0.011, 0)
shape = SubResource("CapsuleShape3D_0io8n")

[node name="MeshInstance3D" type="MeshInstance3D" parent="Hand/metarig/Skeleton3D/PhysicalBone3D_pinky_02/CollisionShape3D"]
mesh = SubResource("CapsuleMesh_madvo")

[node name="PhysicalBone3D_pinky_03" type="PhysicalBone3D" parent="Hand/metarig/Skeleton3D" index="13"]
transform = Transform3D(0.215199, 0.375562, 0.901464, -0.101177, 0.926681, -0.361939, -0.971321, -0.0133408, 0.237429, 0.716352, 1.22563, -0.0770012)
joint_offset = Transform3D(1, 0, 0, 0, 1, 0, 0, 0, 1, 1.18087e-06, 2.61896e-06, 9.76769e-06)
body_offset = Transform3D(1.00001, 2.1291e-05, -1.77324e-06, -1.59815e-06, 0.999981, -3.43798e-06, -3.35276e-06, -1.0228e-05, 1.00001, -1.18092e-06, -2.61888e-06, -9.76771e-06)
bone_name = "f_pinky.03.L"

[node name="CollisionShape3D" type="CollisionShape3D" parent="Hand/metarig/Skeleton3D/PhysicalBone3D_pinky_03"]
transform = Transform3D(1, 0, 0, 0, 1, 0, 0, 0, 1, 0, 0.008, 0)
shape = SubResource("CapsuleShape3D_kiewy")

[node name="MeshInstance3D" type="MeshInstance3D" parent="Hand/metarig/Skeleton3D/PhysicalBone3D_pinky_03/CollisionShape3D"]
mesh = SubResource("CapsuleMesh_e4cko")

[editable path="Hand"]
