[gd_scene load_steps=30 format=3 uid="uid://blj5mobln11uq"]

[ext_resource type="PackedScene" uid="uid://dhf1o7ffigsnc" path="res://Assets/Hand_foam/Hand_foam2.glb" id="1_tjr5l"]

[sub_resource type="CapsuleShape3D" id="CapsuleShape3D_v8lc0"]
radius = 0.008
height = 0.03

[sub_resource type="CapsuleMesh" id="CapsuleMesh_6peiy"]
radius = 0.008
height = 0.03

[sub_resource type="CapsuleShape3D" id="CapsuleShape3D_mc853"]
radius = 0.008
height = 0.016

[sub_resource type="CapsuleMesh" id="CapsuleMesh_5401s"]
radius = 0.008
height = 0.016

[sub_resource type="CapsuleShape3D" id="CapsuleShape3D_m0w1o"]
radius = 0.003
height = 0.045

[sub_resource type="CapsuleMesh" id="CapsuleMesh_e451u"]
radius = 0.008
height = 0.045

[sub_resource type="CapsuleShape3D" id="CapsuleShape3D_8qb4d"]
radius = 0.003
height = 0.028

[sub_resource type="CapsuleMesh" id="CapsuleMesh_3llv7"]
radius = 0.008
height = 0.028

[sub_resource type="CapsuleShape3D" id="CapsuleShape3D_8nmwt"]
radius = 0.005
height = 0.018

[sub_resource type="CapsuleMesh" id="CapsuleMesh_nduom"]
radius = 0.008
height = 0.018

[sub_resource type="CapsuleShape3D" id="CapsuleShape3D_shmdg"]
radius = 0.005
height = 0.05

[sub_resource type="CapsuleMesh" id="CapsuleMesh_y3jsg"]
radius = 0.008
height = 0.05

[sub_resource type="CapsuleShape3D" id="CapsuleShape3D_l27um"]
radius = 0.005
height = 0.036

[sub_resource type="CapsuleMesh" id="CapsuleMesh_lipi4"]
radius = 0.008
height = 0.036

[sub_resource type="CapsuleShape3D" id="CapsuleShape3D_buf6g"]
radius = 0.005
height = 0.02

[sub_resource type="CapsuleMesh" id="CapsuleMesh_pi0il"]
radius = 0.008
height = 0.02

[sub_resource type="CapsuleShape3D" id="CapsuleShape3D_r1d4e"]
radius = 0.005
height = 0.045

[sub_resource type="CapsuleMesh" id="CapsuleMesh_sf0e8"]
radius = 0.008
height = 0.045

[sub_resource type="CapsuleShape3D" id="CapsuleShape3D_iegmi"]
radius = 0.005
height = 0.032

[sub_resource type="CapsuleMesh" id="CapsuleMesh_1d126"]
radius = 0.008
height = 0.032

[sub_resource type="CapsuleShape3D" id="CapsuleShape3D_wqepf"]
radius = 0.005
height = 0.018

[sub_resource type="CapsuleMesh" id="CapsuleMesh_mgpft"]
radius = 0.008
height = 0.018

[sub_resource type="CapsuleShape3D" id="CapsuleShape3D_wqtpk"]
radius = 0.005
height = 0.028

[sub_resource type="CapsuleMesh" id="CapsuleMesh_s8jte"]
radius = 0.008
height = 0.028

[sub_resource type="CapsuleShape3D" id="CapsuleShape3D_0io8n"]
radius = 0.005
height = 0.022

[sub_resource type="CapsuleMesh" id="CapsuleMesh_madvo"]
radius = 0.008
height = 0.022

[sub_resource type="CapsuleShape3D" id="CapsuleShape3D_kiewy"]
radius = 0.005
height = 0.016

[sub_resource type="CapsuleMesh" id="CapsuleMesh_e4cko"]
radius = 0.008
height = 0.016

[node name="Node3D" type="Node3D"]

[node name="Hand_foam2" parent="." instance=ExtResource("1_tjr5l")]
transform = Transform3D(0.528438, 0.848972, 0, -0.848972, 0.528438, 0, 0, 0, 1, -1.469, 0.062, 0)

[node name="PhysicalBone3D_thumb_02" type="PhysicalBone3D" parent="Hand_foam2/metarig/Skeleton3D" index="0"]
transform = Transform3D(0.757828, 0.595127, 0.267492, 0.629849, -0.774286, -0.061771, 0.170365, 0.215263, -0.961572, -0.329802, 0.352589, 0.411283)
joint_offset = Transform3D(1, -7.45058e-09, -2.22045e-16, 7.45058e-09, 1, 0, 2.22045e-16, -1.65436e-24, 1, 1.2584, -0.171929, 0.613745)
joint_rotation = Vector3(0, -2.22045e-16, 7.45058e-09)
body_offset = Transform3D(1.00002, 0.00016306, 3.9354e-05, -0.000169609, 1.00002, -1.06096e-05, -5.07236e-05, 4.00841e-05, 0.999995, -1.25842, 0.172152, -0.613671)
bone_name = "thumb.02.L"

[node name="CollisionShape3D" type="CollisionShape3D" parent="Hand_foam2/metarig/Skeleton3D/PhysicalBone3D_thumb_02"]
transform = Transform3D(1, 4.47035e-08, -7.00355e-07, -1.49012e-08, 1, -2.08616e-07, 5.96046e-08, -8.9407e-08, 1, 1.26004, -0.157012, 0.614107)
shape = SubResource("CapsuleShape3D_v8lc0")

[node name="MeshInstance3D" type="MeshInstance3D" parent="Hand_foam2/metarig/Skeleton3D/PhysicalBone3D_thumb_02/CollisionShape3D"]
transform = Transform3D(1, -7.45058e-09, 0, -1.86265e-08, 1, 0, 7.45058e-09, 2.98023e-08, 1, 0, 0, 0)
mesh = SubResource("CapsuleMesh_6peiy")
skeleton = NodePath("../..")

[node name="PhysicalBone3D_thumb_03" type="PhysicalBone3D" parent="Hand_foam2/metarig/Skeleton3D" index="1"]
transform = Transform3D(0.704942, 0.665486, 0.250147, 0.691684, -0.724747, -0.034686, 0.157765, 0.197744, -0.968631, 0.705135, 1.21458, 0.00567947)
joint_offset = Transform3D(1, 0, 0, 0, 1, 0, 0, 0, 1, 0.000275097, 0.000369495, 9.9046e-05)
body_offset = Transform3D(1.00013, -0.000958377, -1.36048e-05, -1.16937e-05, 1.00361, 4.44949e-05, -0.000454366, 2.22474e-05, 1.00101, -0.000274777, -0.00037083, -9.90294e-05)
bone_name = "thumb.03.L"

[node name="CollisionShape3D" type="CollisionShape3D" parent="Hand_foam2/metarig/Skeleton3D/PhysicalBone3D_thumb_03"]
transform = Transform3D(1, 0, 0, 0, 1, 0, 0, 0, 1, 0, 0.001, 0)
shape = SubResource("CapsuleShape3D_mc853")

[node name="MeshInstance3D" type="MeshInstance3D" parent="Hand_foam2/metarig/Skeleton3D/PhysicalBone3D_thumb_03/CollisionShape3D"]
mesh = SubResource("CapsuleMesh_5401s")

[node name="PhysicalBone3D_index_01" type="PhysicalBone3D" parent="Hand_foam2/metarig/Skeleton3D" index="2"]
transform = Transform3D(0.163017, 0.564025, -0.809352, 0.0106471, -0.821339, -0.570172, -0.986595, 0.0844189, -0.139931, 0.745944, 1.2485, -0.00507837)
joint_offset = Transform3D(1, 0, 0, 0, 1, 0, 0, 0, 1, 9.25177e-05, 0.000502578, -0.000194462)
body_offset = Transform3D(1.00003, -3.38182e-05, 3.68655e-05, -5.2467e-05, 0.999924, 0.000159135, 9.68575e-06, -0.000161019, 0.999864, -9.24962e-05, -0.000502504, 0.000194516)
bone_name = "f_index.01.L"

[node name="CollisionShape3D" type="CollisionShape3D" parent="Hand_foam2/metarig/Skeleton3D/PhysicalBone3D_index_01"]
transform = Transform3D(1, 0, 0, 0, 1, 0, 0, 0, 1, 0, 0.023, 0)
shape = SubResource("CapsuleShape3D_m0w1o")

[node name="MeshInstance3D" type="MeshInstance3D" parent="Hand_foam2/metarig/Skeleton3D/PhysicalBone3D_index_01/CollisionShape3D"]
mesh = SubResource("CapsuleMesh_e451u")

[node name="PhysicalBone3D_index_02" type="PhysicalBone3D" parent="Hand_foam2/metarig/Skeleton3D" index="3"]
transform = Transform3D(0.148886, 0.432389, -0.889272, 0.00928175, -0.899812, -0.436008, -0.988889, 0.0567398, -0.138076, 0.77129, 1.21149, -0.00127496)
joint_offset = Transform3D(1, 0, 0, 0, 1, 0, 0, 0, 1, 9.79596e-05, 0.000477986, -0.000323783)
body_offset = Transform3D(1.00008, -2.88151e-05, 8.23885e-05, -5.5749e-05, 0.999921, 0.000163356, 1.21593e-05, -0.000183685, 0.999986, -9.79267e-05, -0.00047789, 0.000323866)
bone_name = "f_index.02.L"

[node name="CollisionShape3D" type="CollisionShape3D" parent="Hand_foam2/metarig/Skeleton3D/PhysicalBone3D_index_02"]
transform = Transform3D(1, -7.45058e-09, -1.49012e-08, 3.72529e-09, 1, -4.65661e-09, 0, -1.11759e-08, 1, 0, 0.014, 0)
shape = SubResource("CapsuleShape3D_8qb4d")

[node name="MeshInstance3D" type="MeshInstance3D" parent="Hand_foam2/metarig/Skeleton3D/PhysicalBone3D_index_02/CollisionShape3D"]
mesh = SubResource("CapsuleMesh_3llv7")

[node name="PhysicalBone3D_index_03" type="PhysicalBone3D" parent="Hand_foam2/metarig/Skeleton3D" index="4"]
transform = Transform3D(-0.918606, 0.386274, 0.0825013, -0.393599, -0.912666, -0.109226, 0.0331193, -0.132774, 0.991029, 0.783478, 1.18605, 0.000319079)
joint_offset = Transform3D(0.874998, -0.216505, 0.43301, 0.433012, 0.749996, -0.499997, -0.216506, 0.624997, 0.749996, -0.000379525, 0.000435912, 5.18396e-05)
joint_rotation = Vector3(0.523599, 0.523599, 0.523599)
body_offset = Transform3D(-0.162221, 0.114335, -0.980542, 0.172286, 0.981186, 0.0859782, 0.971523, -0.154914, -0.178946, -6.0576e-05, -0.000366781, 0.000445522)
bone_name = "f_index.03.L"

[node name="CollisionShape3D" type="CollisionShape3D" parent="Hand_foam2/metarig/Skeleton3D/PhysicalBone3D_index_03"]
transform = Transform3D(1, 2.98023e-08, 7.10543e-15, -2.98023e-08, 1, 1.42109e-14, 0, -2.84217e-14, 1, 0, 0.009, 0)
shape = SubResource("CapsuleShape3D_8nmwt")

[node name="MeshInstance3D" type="MeshInstance3D" parent="Hand_foam2/metarig/Skeleton3D/PhysicalBone3D_index_03/CollisionShape3D"]
mesh = SubResource("CapsuleMesh_nduom")

[node name="PhysicalBone3D_middle_01" type="PhysicalBone3D" parent="Hand_foam2/metarig/Skeleton3D" index="5"]
transform = Transform3D(0.113318, 0.492681, -0.862835, -0.0350696, -0.865883, -0.499054, -0.99299, 0.0867863, -0.0808693, 0.75132, 1.24884, -0.0277029)
joint_offset = Transform3D(1, 0, 0, 0, 1, 1.88593e-08, 0, -1.88593e-08, 1, 5.64227e-05, 0.000358854, -0.000344078)
joint_rotation = Vector3(-1.88593e-08, 0, 0)
body_offset = Transform3D(1.00005, 2.62558e-05, 4.48972e-05, -8.27014e-06, 1.00001, 0.000171213, -1.59368e-05, -0.00016951, 1.00004, -5.64195e-05, -0.000358798, 0.000344153)
bone_name = "f_middle.01.L"

[node name="CollisionShape3D" type="CollisionShape3D" parent="Hand_foam2/metarig/Skeleton3D/PhysicalBone3D_middle_01"]
transform = Transform3D(1, 0, 0, 0, 1, 0, 0, 0, 1, 0, 0.025, 0)
shape = SubResource("CapsuleShape3D_shmdg")

[node name="MeshInstance3D" type="MeshInstance3D" parent="Hand_foam2/metarig/Skeleton3D/PhysicalBone3D_middle_01/CollisionShape3D"]
mesh = SubResource("CapsuleMesh_y3jsg")

[node name="PhysicalBone3D_middle_02" type="PhysicalBone3D" parent="Hand_foam2/metarig/Skeleton3D" index="6"]
transform = Transform3D(0.0357884, 0.276555, -0.960154, -0.0414036, -0.95958, -0.277967, -0.99823, 0.0496871, -0.0228836, 0.775756, 1.20596, -0.0233998)
joint_offset = Transform3D(1, 0, 0, 0, 1, 0, 0, 0, 1, 2.27296e-05, 0.000277637, -0.00038135)
body_offset = Transform3D(0.999729, 6.0536e-06, -2.65613e-06, 2.23145e-05, 0.999872, 0.000224423, -7.85291e-06, -0.000164539, 0.999842, -2.27261e-05, -0.000277516, 0.000381336)
bone_name = "f_middle.02.L"

[node name="CollisionShape3D" type="CollisionShape3D" parent="Hand_foam2/metarig/Skeleton3D/PhysicalBone3D_middle_02"]
transform = Transform3D(1, 0, 0, 0, 1, 0, 0, 0, 1, 0, 0.018, 0)
shape = SubResource("CapsuleShape3D_l27um")

[node name="MeshInstance3D" type="MeshInstance3D" parent="Hand_foam2/metarig/Skeleton3D/PhysicalBone3D_middle_02/CollisionShape3D"]
mesh = SubResource("CapsuleMesh_lipi4")

[node name="PhysicalBone3D_middle_03" type="PhysicalBone3D" parent="Hand_foam2/metarig/Skeleton3D" index="7"]
transform = Transform3D(-0.0121748, 0.163132, -0.986516, -0.0109496, -0.986576, -0.163007, -0.999906, 0.00879632, 0.0137938, 0.784658, 1.17506, -0.0218047)
joint_offset = Transform3D(1, 0, 0, 0, 1, 0, 0, 0, 1, -8.28893e-06, 0.000232882, -0.000409424)
body_offset = Transform3D(1.00004, 1.03982e-05, 9.25921e-06, 1.05826e-05, 1.00001, 0.000176465, -6.30878e-06, -0.000168542, 0.999988, 8.29063e-06, -0.000232812, 0.000409458)
bone_name = "f_middle.03.L"

[node name="CollisionShape3D" type="CollisionShape3D" parent="Hand_foam2/metarig/Skeleton3D/PhysicalBone3D_middle_03"]
transform = Transform3D(1, 0, 0, 0, 1, 0, 0, 0, 1, 0, 0.01, 0)
shape = SubResource("CapsuleShape3D_buf6g")

[node name="MeshInstance3D" type="MeshInstance3D" parent="Hand_foam2/metarig/Skeleton3D/PhysicalBone3D_middle_03/CollisionShape3D"]
mesh = SubResource("CapsuleMesh_pi0il")

[node name="PhysicalBone3D_ring_01" type="PhysicalBone3D" parent="Hand_foam2/metarig/Skeleton3D" index="8"]
transform = Transform3D(-0.0136974, 0.390638, -0.920438, -0.0591223, -0.919255, -0.389235, -0.998141, 0.0491002, 0.0356853, 0.753506, 1.2483, -0.0521)
joint_offset = Transform3D(1, 0, 0, 0, 1, 0, 0, 0, 1, -8.32742e-07, 0.000284392, -0.000415774)
body_offset = Transform3D(0.999984, -1.6287e-05, 1.09561e-05, 5.09247e-06, 1.00002, 0.000164658, -9.91672e-06, -0.000164273, 0.999991, 8.41916e-07, -0.000284329, 0.000415817)
bone_name = "f_ring.01.L"

[node name="CollisionShape3D" type="CollisionShape3D" parent="Hand_foam2/metarig/Skeleton3D/PhysicalBone3D_ring_01"]
transform = Transform3D(1, 0, 0, 0, 1, 0, 0, 0, 1, 0, 0.023, 0)
shape = SubResource("CapsuleShape3D_r1d4e")

[node name="MeshInstance3D" type="MeshInstance3D" parent="Hand_foam2/metarig/Skeleton3D/PhysicalBone3D_ring_01/CollisionShape3D"]
mesh = SubResource("CapsuleMesh_sf0e8")

[node name="PhysicalBone3D_ring_02" type="PhysicalBone3D" parent="Hand_foam2/metarig/Skeleton3D" index="9"]
transform = Transform3D(-0.0664712, 0.248578, -0.96628, -0.033251, -0.968011, -0.246857, -0.997223, 0.0156852, 0.0726455, 0.770994, 1.20709, -0.0498999)
joint_offset = Transform3D(1, 0, 0, 0, 1, 0, 0, 0, 1, -3.06225e-05, 0.000211714, -0.000467097)
body_offset = Transform3D(0.999989, 9.76399e-06, 3.9041e-06, 1.2638e-05, 0.999541, 0.000185973, -9.72301e-06, -0.000282131, 0.999956, 3.06219e-05, -0.000211529, 0.000467137)
bone_name = "f_ring.02.L"

[node name="CollisionShape3D" type="CollisionShape3D" parent="Hand_foam2/metarig/Skeleton3D/PhysicalBone3D_ring_02"]
transform = Transform3D(1, 0, 0, 0, 1, 0, 0, 0, 1, 0, 0.016, 0)
shape = SubResource("CapsuleShape3D_iegmi")

[node name="MeshInstance3D" type="MeshInstance3D" parent="Hand_foam2/metarig/Skeleton3D/PhysicalBone3D_ring_02/CollisionShape3D"]
mesh = SubResource("CapsuleMesh_1d126")

[node name="PhysicalBone3D_ring_03" type="PhysicalBone3D" parent="Hand_foam2/metarig/Skeleton3D" index="10"]
transform = Transform3D(-0.155038, -0.0698955, -0.985449, 0.0322171, -0.9973, 0.0656854, -0.987414, -0.0215596, 0.156872, 0.778908, 1.17626, -0.0494005)
joint_offset = Transform3D(1, 0, 0, 0, 1, 0, 0, 0, 1, -7.88368e-05, 2.98316e-05, -0.000488651)
body_offset = Transform3D(1.00003, -3.19425e-05, -3.75509e-06, 2.65278e-05, 0.999978, 0.000168732, 3.66569e-06, -0.000180354, 1.00002, 7.88383e-05, -2.97464e-05, 0.000488665)
bone_name = "f_ring.03.L"

[node name="CollisionShape3D" type="CollisionShape3D" parent="Hand_foam2/metarig/Skeleton3D/PhysicalBone3D_ring_03"]
transform = Transform3D(1, 0, 0, 0, 1, 0, 0, 0, 1, 0, 0.009, 0)
shape = SubResource("CapsuleShape3D_wqepf")

[node name="MeshInstance3D" type="MeshInstance3D" parent="Hand_foam2/metarig/Skeleton3D/PhysicalBone3D_ring_03/CollisionShape3D"]
mesh = SubResource("CapsuleMesh_mgpft")

[node name="PhysicalBone3D_pinky_01" type="PhysicalBone3D" parent="Hand_foam2/metarig/Skeleton3D" index="11"]
transform = Transform3D(-0.179571, 0.218976, -0.959078, -0.0330739, -0.975661, -0.216603, -0.983197, -0.00675568, 0.182508, 0.752305, 1.2429, -0.0763)
joint_offset = Transform3D(1, 0, 0, 0, 1, 0, 0, 0, 1, -8.54554e-05, 0.000206414, -0.000452477)
body_offset = Transform3D(1.00001, -0.000441614, -4.86523e-05, 3.09395e-05, 0.999955, 0.000169495, -6.28829e-06, -8.68385e-05, 1.00003, 8.55252e-05, -0.000206325, 0.000452507)
bone_name = "f_pinky.01.L"

[node name="CollisionShape3D" type="CollisionShape3D" parent="Hand_foam2/metarig/Skeleton3D/PhysicalBone3D_pinky_01"]
transform = Transform3D(1, 0, 0, 0, 1, 0, 0, 0, 1, 0, 0.014, 0)
shape = SubResource("CapsuleShape3D_wqtpk")

[node name="MeshInstance3D" type="MeshInstance3D" parent="Hand_foam2/metarig/Skeleton3D/PhysicalBone3D_pinky_01/CollisionShape3D"]
mesh = SubResource("CapsuleMesh_s8jte")

[node name="PhysicalBone3D_pinky_02" type="PhysicalBone3D" parent="Hand_foam2/metarig/Skeleton3D" index="12"]
transform = Transform3D(-0.205972, 0.128052, -0.970028, -0.00485578, -0.990184, -0.130317, -0.978576, -0.0215835, 0.204835, 0.758395, 1.21569, -0.0765005)
joint_offset = Transform3D(1, 0, 0, 0, 1, 0, 0, 0, 1, -0.000104072, 0.000151032, -0.0004787)
body_offset = Transform3D(1.00003, -0.000478463, -5.84126e-06, 3.26987e-05, 0.998662, 0.000160038, -9.38773e-06, 0.000243738, 0.999947, 0.000104144, -0.000150749, 0.000478636)
bone_name = "f_pinky.02.L"

[node name="CollisionShape3D" type="CollisionShape3D" parent="Hand_foam2/metarig/Skeleton3D/PhysicalBone3D_pinky_02"]
transform = Transform3D(1, 0, 0, 0, 1, 0, 0, 0, 1, 0, 0.011, 0)
shape = SubResource("CapsuleShape3D_0io8n")

[node name="MeshInstance3D" type="MeshInstance3D" parent="Hand_foam2/metarig/Skeleton3D/PhysicalBone3D_pinky_02/CollisionShape3D"]
mesh = SubResource("CapsuleMesh_madvo")

[node name="PhysicalBone3D_pinky_03" type="PhysicalBone3D" parent="Hand_foam2/metarig/Skeleton3D" index="13"]
transform = Transform3D(-0.236695, -0.0464287, -0.970516, 0.0239622, -0.998771, 0.041972, -0.971923, -0.0133426, 0.237438, 0.761308, 1.19326, -0.077001)
joint_offset = Transform3D(1, 0, 0, 0, 1, 0, 0, 0, 1, -0.000118753, 3.73895e-05, -0.000479951)
body_offset = Transform3D(1.00062, -1.79596e-05, -9.53674e-06, 4.2716e-05, 0.999938, 0.000152818, -3.93391e-05, -0.000181164, 1.00002, 0.000118822, -3.73088e-05, 0.000479963)
bone_name = "f_pinky.03.L"

[node name="CollisionShape3D" type="CollisionShape3D" parent="Hand_foam2/metarig/Skeleton3D/PhysicalBone3D_pinky_03"]
transform = Transform3D(1, 0, 0, 0, 1, 0, 0, 0, 1, 0, 0.008, 0)
shape = SubResource("CapsuleShape3D_kiewy")

[node name="MeshInstance3D" type="MeshInstance3D" parent="Hand_foam2/metarig/Skeleton3D/PhysicalBone3D_pinky_03/CollisionShape3D"]
mesh = SubResource("CapsuleMesh_e4cko")

[node name="PhysicalBone3D_hand" type="PhysicalBone3D" parent="Hand_foam2/metarig/Skeleton3D" index="14"]
transform = Transform3D(-0.596656, 0.79852, -0.0804946, -0.802522, -0.593686, 0.0598511, -0.000100511, 0.0998059, 1.0001, 0.658888, 1.30618, -0.0491993)
joint_offset = Transform3D(1, 0, 0, 0, 1, 0, 0, 0, 1, -0.000244347, 0.00045414, -4.60815e-05)
body_offset = Transform3D(1.00002, -0.000171063, -8.49876e-07, 0.000165579, 1.00003, 2.95788e-06, -0.000103321, 3.72529e-06, 1.00512, 0.000244429, -0.000454113, 4.62905e-05)
bone_name = "hand.L"

[node name="CollisionShape3D_hand" type="CollisionShape3D" parent="Hand_foam2/metarig/Skeleton3D/PhysicalBone3D_hand"]

[node name="MeshInstance3D_hand" type="MeshInstance3D" parent="Hand_foam2/metarig/Skeleton3D/PhysicalBone3D_hand/CollisionShape3D_hand"]
transform = Transform3D(1, -1.44624e-08, -9.83164e-10, -1.29303e-08, 1, 1.49012e-08, 4.27463e-11, 0, 1, 0, 0, 0)
skeleton = NodePath("../..")

[editable path="Hand_foam2"]
